fr 8600
ts 33172.801437
6d 1 [12 1.000][-1916.918 -52.885 719.187 -173.7368 -3.2998 83.0716][0.120429 -0.986015 -0.115201 -0.991052 -0.126143 0.043640 -0.057561 0.108914 -0.992383] 
fr 8601
ts 33172.818111
6d 1 [12 1.000][-1916.918 -52.885 719.187 -173.7368 -3.2998 83.0716][0.120429 -0.986015 -0.115201 -0.991052 -0.126143 0.043640 -0.057561 0.108914 -0.992383] 
fr 8602
ts 33172.834775
6d 1 [12 1.000][-1916.918 -52.885 719.187 -173.7368 -3.2998 83.0716][0.120429 -0.986015 -0.115201 -0.991052 -0.126143 0.043640 -0.057561 0.108914 -0.992383] 
fr 8603
ts 33172.851440
6d 1 [12 1.000][-1916.918 -52.885 719.187 -173.7368 -3.2998 83.0716][0.120429 -0.986015 -0.115201 -0.991052 -0.126143 0.043640 -0.057561 0.108914 -0.992383] 
fr 8604
ts 33172.868101
6d 1 [12 1.000][-1916.918 -52.885 719.187 -173.7368 -3.2998 83.0716][0.120429 -0.986015 -0.115201 -0.991052 -0.126143 0.043640 -0.057561 0.108914 -0.992383] 
fr 8605
ts 33172.884761
6d 1 [12 1.000][-1916.918 -52.885 719.187 -173.7368 -3.2998 83.0716][0.120429 -0.986015 -0.115201 -0.991052 -0.126143 0.043640 -0.057561 0.108914 -0.992383] 
fr 8606
ts 33172.901423
6d 1 [12 1.000][-1916.931 -52.858 719.123 -173.7377 -3.2986 83.0710][0.120440 -0.986016 -0.115184 -0.991052 -0.126150 0.043618 -0.057539 0.108899 -0.992386] 
fr 8607
ts 33172.918074
6d 1 [12 1.000][-1916.938 -52.870 719.203 -173.7471 -3.2843 83.0667][0.120516 -0.986028 -0.114995 -0.991057 -0.126190 0.043385 -0.057290 0.108738 -0.992418] 
fr 8608
ts 33172.934736
6d 1 [12 1.000][-1916.938 -52.870 719.203 -173.7471 -3.2843 83.0667][0.120516 -0.986028 -0.114995 -0.991057 -0.126190 0.043385 -0.057290 0.108738 -0.992418] 
fr 8609
ts 33172.951377
6d 1 [12 1.000][-1916.938 -52.870 719.203 -173.7471 -3.2843 83.0667][0.120516 -0.986028 -0.114995 -0.991057 -0.126190 0.043385 -0.057290 0.108738 -0.992418] 
fr 8610
ts 33172.968043
6d 1 [12 1.000][-1916.938 -52.870 719.203 -173.7471 -3.2843 83.0667][0.120516 -0.986028 -0.114995 -0.991057 -0.126190 0.043385 -0.057290 0.108738 -0.992418] 
fr 8611
ts 33172.984733
6d 1 [12 1.000][-1916.938 -52.870 719.203 -173.7471 -3.2843 83.0667][0.120516 -0.986028 -0.114995 -0.991057 -0.126190 0.043385 -0.057290 0.108738 -0.992418] 
fr 8612
ts 33173.001395
6d 1 [12 1.000][-1916.938 -52.870 719.203 -173.7471 -3.2843 83.0667][0.120516 -0.986028 -0.114995 -0.991057 -0.126190 0.043385 -0.057290 0.108738 -0.992418] 
fr 8613
ts 33173.018078
6d 1 [12 1.000][-1916.938 -52.870 719.203 -173.7471 -3.2843 83.0667][0.120516 -0.986028 -0.114995 -0.991057 -0.126190 0.043385 -0.057290 0.108738 -0.992418] 
fr 8614
ts 33173.034740
6d 1 [12 1.000][-1916.938 -52.870 719.203 -173.7471 -3.2843 83.0667][0.120516 -0.986028 -0.114995 -0.991057 -0.126190 0.043385 -0.057290 0.108738 -0.992418] 
fr 8615
ts 33173.051413
6d 1 [12 1.000][-1916.938 -52.870 719.203 -173.7471 -3.2843 83.0667][0.120516 -0.986028 -0.114995 -0.991057 -0.126190 0.043385 -0.057290 0.108738 -0.992418] 
fr 8616
ts 33173.068078
6d 1 [12 1.000][-1916.938 -52.870 719.203 -173.7471 -3.2843 83.0667][0.120516 -0.986028 -0.114995 -0.991057 -0.126190 0.043385 -0.057290 0.108738 -0.992418] 
fr 8617
ts 33173.084748
6d 1 [12 1.000][-1916.941 -52.899 719.245 -173.7486 -3.2854 83.0673][0.120505 -0.986033 -0.114972 -0.991057 -0.126180 0.043409 -0.057310 0.108713 -0.992420] 
fr 8618
ts 33173.101410
6d 1 [12 1.000][-1916.943 -52.884 719.243 -173.7623 -3.2935 83.0722][0.120420 -0.986069 -0.114749 -0.991059 -0.126101 0.043588 -0.057450 0.108474 -0.992438] 
fr 8619
ts 33173.118072
6d 1 [12 1.000][-1916.943 -52.884 719.243 -173.7623 -3.2935 83.0722][0.120420 -0.986069 -0.114749 -0.991059 -0.126101 0.043588 -0.057450 0.108474 -0.992438] 
fr 8620
ts 33173.134734
6d 1 [12 1.000][-1916.940 -52.887 719.198 -173.7612 -3.2944 83.0725][0.120414 -0.986067 -0.114770 -0.991059 -0.126098 0.043602 -0.057467 0.108493 -0.992435] 
fr 8621
ts 33173.151389
6d 1 [12 1.000][-1916.944 -52.898 719.231 -173.7569 -3.2995 83.0749][0.120373 -0.986063 -0.114852 -0.991059 -0.126071 0.043685 -0.057555 0.108566 -0.992422] 
fr 8622
ts 33173.168052
6d 1 [12 1.000][-1916.944 -52.898 719.231 -173.7569 -3.2995 83.0749][0.120373 -0.986063 -0.114852 -0.991059 -0.126071 0.043685 -0.057555 0.108566 -0.992422] 
fr 8623
ts 33173.184700
6d 1 [12 1.000][-1916.944 -52.898 719.231 -173.7569 -3.2995 83.0749][0.120373 -0.986063 -0.114852 -0.991059 -0.126071 0.043685 -0.057555 0.108566 -0.992422] 
fr 8624
ts 33173.201362
6d 1 [12 1.000][-1916.944 -52.898 719.231 -173.7569 -3.2995 83.0749][0.120373 -0.986063 -0.114852 -0.991059 -0.126071 0.043685 -0.057555 0.108566 -0.992422] 
fr 8625
ts 33173.218004
6d 1 [12 1.000][-1916.944 -52.898 719.231 -173.7569 -3.2995 83.0749][0.120373 -0.986063 -0.114852 -0.991059 -0.126071 0.043685 -0.057555 0.108566 -0.992422] 
fr 8626
ts 33173.234666
6d 1 [12 1.000][-1916.944 -52.898 719.231 -173.7569 -3.2995 83.0749][0.120373 -0.986063 -0.114852 -0.991059 -0.126071 0.043685 -0.057555 0.108566 -0.992422] 
fr 8627
ts 33173.251348
6d 1 [12 1.000][-1916.944 -52.898 719.231 -173.7569 -3.2995 83.0749][0.120373 -0.986063 -0.114852 -0.991059 -0.126071 0.043685 -0.057555 0.108566 -0.992422] 
fr 8628
ts 33173.268015
6d 1 [12 1.000][-1916.944 -52.898 719.231 -173.7569 -3.2995 83.0749][0.120373 -0.986063 -0.114852 -0.991059 -0.126071 0.043685 -0.057555 0.108566 -0.992422] 
fr 8629
ts 33173.284695
6d 1 [12 1.000][-1916.944 -52.898 719.231 -173.7569 -3.2995 83.0749][0.120373 -0.986063 -0.114852 -0.991059 -0.126071 0.043685 -0.057555 0.108566 -0.992422] 
fr 8630
ts 33173.301355
6d 1 [12 1.000][-1916.944 -52.898 719.231 -173.7569 -3.2995 83.0749][0.120373 -0.986063 -0.114852 -0.991059 -0.126071 0.043685 -0.057555 0.108566 -0.992422] 
fr 8631
ts 33173.318029
6d 1 [12 1.000][-1916.944 -52.898 719.231 -173.7569 -3.2995 83.0749][0.120373 -0.986063 -0.114852 -0.991059 -0.126071 0.043685 -0.057555 0.108566 -0.992422] 
fr 8632
ts 33173.334691
6d 1 [12 1.000][-1916.944 -52.898 719.231 -173.7569 -3.2995 83.0749][0.120373 -0.986063 -0.114852 -0.991059 -0.126071 0.043685 -0.057555 0.108566 -0.992422] 
fr 8633
ts 33173.351356
6d 1 [12 1.000][-1916.944 -52.898 719.231 -173.7569 -3.2995 83.0749][0.120373 -0.986063 -0.114852 -0.991059 -0.126071 0.043685 -0.057555 0.108566 -0.992422] 
fr 8634
ts 33173.368018
6d 1 [12 1.000][-1916.944 -52.898 719.231 -173.7569 -3.2995 83.0749][0.120373 -0.986063 -0.114852 -0.991059 -0.126071 0.043685 -0.057555 0.108566 -0.992422] 
fr 8635
ts 33173.384674
6d 1 [12 1.000][-1916.944 -52.898 719.231 -173.7569 -3.2995 83.0749][0.120373 -0.986063 -0.114852 -0.991059 -0.126071 0.043685 -0.057555 0.108566 -0.992422] 
fr 8636
ts 33173.401339
6d 1 [12 1.000][-1916.944 -52.898 719.231 -173.7569 -3.2995 83.0749][0.120373 -0.986063 -0.114852 -0.991059 -0.126071 0.043685 -0.057555 0.108566 -0.992422] 
fr 8637
ts 33173.417992
6d 1 [12 1.000][-1916.944 -52.898 719.231 -173.7569 -3.2995 83.0749][0.120373 -0.986063 -0.114852 -0.991059 -0.126071 0.043685 -0.057555 0.108566 -0.992422] 
fr 8638
ts 33173.434653
6d 1 [12 1.000][-1916.944 -52.898 719.231 -173.7569 -3.2995 83.0749][0.120373 -0.986063 -0.114852 -0.991059 -0.126071 0.043685 -0.057555 0.108566 -0.992422] 
fr 8639
ts 33173.451298
6d 1 [12 1.000][-1916.944 -52.898 719.231 -173.7569 -3.2995 83.0749][0.120373 -0.986063 -0.114852 -0.991059 -0.126071 0.043685 -0.057555 0.108566 -0.992422] 
fr 8640
ts 33173.467960
6d 1 [12 1.000][-1916.944 -52.898 719.231 -173.7569 -3.2995 83.0749][0.120373 -0.986063 -0.114852 -0.991059 -0.126071 0.043685 -0.057555 0.108566 -0.992422] 
fr 8641
ts 33173.484652
6d 1 [12 1.000][-1916.944 -52.898 719.231 -173.7569 -3.2995 83.0749][0.120373 -0.986063 -0.114852 -0.991059 -0.126071 0.043685 -0.057555 0.108566 -0.992422] 
fr 8642
ts 33173.501314
6d 1 [12 1.000][-1916.944 -52.898 719.231 -173.7569 -3.2995 83.0749][0.120373 -0.986063 -0.114852 -0.991059 -0.126071 0.043685 -0.057555 0.108566 -0.992422] 
fr 8643
ts 33173.517993
6d 1 [12 1.000][-1916.944 -52.898 719.231 -173.7569 -3.2995 83.0749][0.120373 -0.986063 -0.114852 -0.991059 -0.126071 0.043685 -0.057555 0.108566 -0.992422] 
fr 8644
ts 33173.534659
6d 1 [12 1.000][-1916.962 -52.897 719.267 -173.7565 -3.2976 83.0748][0.120375 -0.986062 -0.114855 -0.991061 -0.126069 0.043651 -0.057522 0.108574 -0.992423] 
fr 8645
ts 33173.551335
6d 1 [12 1.000][-1916.957 -52.896 719.252 -173.7491 -3.2817 83.0717][0.120429 -0.986044 -0.114952 -0.991070 -0.126097 0.043355 -0.057245 0.108704 -0.992424] 
fr 8646
ts 33173.567997
6d 1 [12 1.000][-1916.957 -52.896 719.252 -173.7491 -3.2817 83.0717][0.120429 -0.986044 -0.114952 -0.991070 -0.126097 0.043355 -0.057245 0.108704 -0.992424] 
fr 8647
ts 33173.584667
6d 1 [12 1.000][-1916.957 -52.896 719.252 -173.7491 -3.2817 83.0717][0.120429 -0.986044 -0.114952 -0.991070 -0.126097 0.043355 -0.057245 0.108704 -0.992424] 
fr 8648
ts 33173.601329
6d 1 [12 1.000][-1916.957 -52.896 719.252 -173.7491 -3.2817 83.0717][0.120429 -0.986044 -0.114952 -0.991070 -0.126097 0.043355 -0.057245 0.108704 -0.992424] 
fr 8649
ts 33173.617991
6d 1 [12 1.000][-1916.957 -52.896 719.252 -173.7491 -3.2817 83.0717][0.120429 -0.986044 -0.114952 -0.991070 -0.126097 0.043355 -0.057245 0.108704 -0.992424] 
fr 8650
ts 33173.634653
6d 1 [12 1.000][-1916.957 -52.896 719.252 -173.7491 -3.2817 83.0717][0.120429 -0.986044 -0.114952 -0.991070 -0.126097 0.043355 -0.057245 0.108704 -0.992424] 
fr 8651
ts 33173.651309
6d 1 [12 1.000][-1916.955 -52.895 719.212 -173.7491 -3.2815 83.0716][0.120430 -0.986044 -0.114952 -0.991070 -0.126098 0.043352 -0.057242 0.108705 -0.992425] 
fr 8652
ts 33173.667970
6d 1 [12 1.000][-1916.956 -52.900 719.231 -173.7515 -3.2802 83.0731][0.120406 -0.986052 -0.114906 -0.991074 -0.126069 0.043337 -0.057219 0.108662 -0.992431] 
fr 8653
ts 33173.684619
6d 1 [12 1.000][-1916.956 -52.900 719.231 -173.7515 -3.2802 83.0731][0.120406 -0.986052 -0.114906 -0.991074 -0.126069 0.043337 -0.057219 0.108662 -0.992431] 
fr 8654
ts 33173.701281
6d 1 [12 1.000][-1916.956 -52.900 719.231 -173.7515 -3.2802 83.0731][0.120406 -0.986052 -0.114906 -0.991074 -0.126069 0.043337 -0.057219 0.108662 -0.992431] 
fr 8655
ts 33173.717924
6d 1 [12 1.000][-1916.956 -52.900 719.231 -173.7515 -3.2802 83.0731][0.120406 -0.986052 -0.114906 -0.991074 -0.126069 0.043337 -0.057219 0.108662 -0.992431] 
fr 8656
ts 33173.734583
6d 1 [12 1.000][-1916.956 -52.900 719.231 -173.7515 -3.2802 83.0731][0.120406 -0.986052 -0.114906 -0.991074 -0.126069 0.043337 -0.057219 0.108662 -0.992431] 
fr 8657
ts 33173.751270
6d 1 [12 1.000][-1916.956 -52.900 719.231 -173.7515 -3.2802 83.0731][0.120406 -0.986052 -0.114906 -0.991074 -0.126069 0.043337 -0.057219 0.108662 -0.992431] 
fr 8658
ts 33173.767934
6d 1 [12 1.000][-1916.956 -52.900 719.231 -173.7515 -3.2802 83.0731][0.120406 -0.986052 -0.114906 -0.991074 -0.126069 0.043337 -0.057219 0.108662 -0.992431] 
fr 8659
ts 33173.784614
6d 1 [12 1.000][-1916.956 -52.900 719.231 -173.7515 -3.2802 83.0731][0.120406 -0.986052 -0.114906 -0.991074 -0.126069 0.043337 -0.057219 0.108662 -0.992431] 
fr 8660
ts 33173.801276
6d 1 [12 1.000][-1916.956 -52.900 719.231 -173.7515 -3.2802 83.0731][0.120406 -0.986052 -0.114906 -0.991074 -0.126069 0.043337 -0.057219 0.108662 -0.992431] 
fr 8661
ts 33173.817950
6d 1 [12 1.000][-1916.977 -52.851 719.271 -173.7517 -3.2800 83.0725][0.120416 -0.986051 -0.114903 -0.991073 -0.126079 0.043333 -0.057216 0.108659 -0.992431] 
fr 8662
ts 33173.834612
6d 1 [12 1.000][-1916.982 -52.890 719.282 -173.7550 -3.2815 83.0680][0.120493 -0.986048 -0.114852 -0.991062 -0.126156 0.043357 -0.057242 0.108602 -0.992436] 
fr 8663
ts 33173.851278
6d 1 [12 1.000][-1916.982 -52.890 719.282 -173.7550 -3.2815 83.0680][0.120493 -0.986048 -0.114852 -0.991062 -0.126156 0.043357 -0.057242 0.108602 -0.992436] 
fr 8664
ts 33173.867939
6d 1 [12 1.000][-1916.991 -52.907 719.327 -173.7549 -3.2802 83.0680][0.120493 -0.986048 -0.114852 -0.991064 -0.126154 0.043334 -0.057219 0.108604 -0.992437] 
fr 8665
ts 33173.884598
6d 1 [12 1.000][-1916.990 -52.889 719.307 -173.7551 -3.2709 83.0668][0.120515 -0.986048 -0.114829 -0.991070 -0.126157 0.043173 -0.057057 0.108600 -0.992447] 
fr 8666
ts 33173.901261
6d 1 [12 1.000][-1916.990 -52.889 719.307 -173.7551 -3.2709 83.0668][0.120515 -0.986048 -0.114829 -0.991070 -0.126157 0.043173 -0.057057 0.108600 -0.992447] 
fr 8667
ts 33173.917913
6d 1 [12 1.000][-1916.990 -52.889 719.307 -173.7551 -3.2709 83.0668][0.120515 -0.986048 -0.114829 -0.991070 -0.126157 0.043173 -0.057057 0.108600 -0.992447] 
fr 8668
ts 33173.934575
6d 1 [12 1.000][-1917.007 -52.880 719.256 -173.7542 -3.2693 83.0669][0.120513 -0.986047 -0.114843 -0.991072 -0.126152 0.043144 -0.057030 0.108618 -0.992446] 
fr 8669
ts 33173.951221
6d 1 [12 1.000][-1917.002 -52.885 719.265 -173.7529 -3.2675 83.0671][0.120510 -0.986045 -0.114860 -0.991074 -0.126146 0.043110 -0.056998 0.108640 -0.992446] 
fr 8670
ts 33173.967882
6d 1 [12 1.000][-1917.001 -52.889 719.269 -173.7515 -3.2655 83.0677][0.120501 -0.986044 -0.114880 -0.991078 -0.126135 0.043074 -0.056964 0.108664 -0.992445] 
fr 8671
ts 33173.984574
6d 1 [12 1.000][-1917.011 -52.898 719.292 -173.7458 -3.2537 83.0693][0.120474 -0.986039 -0.114952 -0.991093 -0.126088 0.042862 -0.056758 0.108764 -0.992446] 
fr 8672
ts 33174.001235
6d 1 [12 1.000][-1917.010 -52.930 719.300 -173.7462 -3.2525 83.0695][0.120471 -0.986040 -0.114943 -0.991094 -0.126082 0.042842 -0.056736 0.108758 -0.992448] 
fr 8673
ts 33174.017919
6d 1 [12 1.000][-1917.004 -52.943 719.302 -173.7468 -3.2520 83.0696][0.120469 -0.986042 -0.114932 -0.991095 -0.126079 0.042836 -0.056728 0.108748 -0.992449] 
fr 8674
ts 33174.034582
6d 1 [12 1.000][-1917.001 -52.920 719.312 -173.7490 -3.2469 83.0709][0.120448 -0.986050 -0.114881 -0.991103 -0.126046 0.042755 -0.056639 0.108709 -0.992459] 
fr 8675
ts 33174.051258
6d 1 [12 1.000][-1917.001 -52.920 719.312 -173.7490 -3.2469 83.0709][0.120448 -0.986050 -0.114881 -0.991103 -0.126046 0.042755 -0.056639 0.108709 -0.992459] 
fr 8676
ts 33174.067917
6d 1 [12 1.000][-1917.001 -52.920 719.312 -173.7490 -3.2469 83.0709][0.120448 -0.986050 -0.114881 -0.991103 -0.126046 0.042755 -0.056639 0.108709 -0.992459] 
fr 8677
ts 33174.084589
6d 1 [12 1.000][-1917.001 -52.920 719.312 -173.7490 -3.2469 83.0709][0.120448 -0.986050 -0.114881 -0.991103 -0.126046 0.042755 -0.056639 0.108709 -0.992459] 
fr 8678
ts 33174.101250
6d 1 [12 1.000][-1916.989 -52.883 719.338 -173.7511 -3.2478 83.0709][0.120447 -0.986054 -0.114847 -0.991102 -0.126046 0.042776 -0.056655 0.108673 -0.992462] 
fr 8679
ts 33174.117914
6d 1 [12 1.000][-1916.984 -52.860 719.327 -173.7534 -3.2501 83.0707][0.120450 -0.986058 -0.114812 -0.991099 -0.126052 0.042820 -0.056695 0.108633 -0.992464] 
fr 8680
ts 33174.134576
6d 1 [12 1.000][-1916.983 -52.848 719.252 -173.7533 -3.2519 83.0697][0.120468 -0.986055 -0.114819 -0.991095 -0.126073 0.042848 -0.056726 0.108634 -0.992462] 
fr 8681
ts 33174.151228
6d 1 [12 1.000][-1916.982 -52.811 719.316 -173.7560 -3.2540 83.0700][0.120463 -0.986060 -0.114776 -0.991094 -0.126070 0.042891 -0.056763 0.108587 -0.992465] 
fr 8682
ts 33174.167893
6d 1 [12 1.000][-1916.980 -52.719 719.315 -173.7574 -3.2573 83.0697][0.120467 -0.986062 -0.114759 -0.991090 -0.126080 0.042949 -0.056820 0.108563 -0.992464] 
fr 8683
ts 33174.184544
6d 1 [12 1.000][-1916.981 -52.667 719.299 -173.7588 -3.2578 83.0692][0.120476 -0.986064 -0.114736 -0.991088 -0.126088 0.042960 -0.056828 0.108538 -0.992467] 
fr 8684
ts 33174.201204
6d 1 [12 1.000][-1916.985 -52.654 719.311 -173.7606 -3.2652 83.0704][0.120455 -0.986068 -0.114720 -0.991083 -0.126081 0.043094 -0.056958 0.108506 -0.992463] 
fr 8685
ts 33174.217847
6d 1 [12 1.000][-1916.997 -52.651 719.308 -173.7610 -3.2654 83.0727][0.120414 -0.986074 -0.114712 -0.991088 -0.126040 0.043104 -0.056962 0.108499 -0.992463] 
fr 8686
ts 33174.234509
6d 1 [12 1.000][-1916.999 -52.627 719.313 -173.7634 -3.2699 83.0737][0.120397 -0.986080 -0.114680 -0.991086 -0.126031 0.043188 -0.057040 0.108458 -0.992463] 
fr 8687
ts 33174.251193
6d 1 [12 1.000][-1916.987 -52.605 719.313 -173.7646 -3.2714 83.0698][0.120463 -0.986073 -0.114666 -0.991076 -0.126098 0.043208 -0.057066 0.108437 -0.992464] 
fr 8688
ts 33174.267858
6d 1 [12 1.000][-1916.983 -52.593 719.297 -173.7582 -3.2707 83.0685][0.120486 -0.986058 -0.114774 -0.991074 -0.126125 0.043180 -0.057053 0.108547 -0.992453] 
fr 8689
ts 33174.284539
6d 1 [12 1.000][-1916.870 -52.550 719.306 -173.7636 -3.2676 83.0554][0.120714 -0.986040 -0.114685 -0.991050 -0.126341 0.043113 -0.057000 0.108455 -0.992466] 
fr 8690
ts 33174.301200
6d 1 [12 1.000][-1916.712 -52.452 719.289 -173.7571 -3.2751 82.9667][0.122246 -0.985829 -0.114879 -0.990854 -0.127885 0.043048 -0.057130 0.108566 -0.992446] 
fr 8691
ts 33174.317874
6d 1 [12 1.000][-1916.565 -52.171 719.088 -173.7439 -3.2723 82.7858][0.125374 -0.985394 -0.115236 -0.990466 -0.131002 0.042607 -0.057081 0.108796 -0.992424] 
fr 8692
ts 33174.334536
6d 1 [12 1.000][-1916.490 -51.908 718.065 -173.4593 -3.6253 82.6734][0.127270 -0.984461 -0.120990 -0.989851 -0.133839 0.047780 -0.063230 0.113681 -0.991503] 
fr 8693
ts 33174.351203
6d 1 [12 1.000][-1918.334 -52.407 717.193 -173.2332 -3.3547 82.8071][0.124996 -0.984356 -0.124178 -0.990430 -0.131179 0.042898 -0.058517 0.117627 -0.991332] 
fr 8694
ts 33174.367864
6d 1 [12 1.000][-1920.433 -52.451 716.820 -173.0692 -2.9183 82.7680][0.125724 -0.984022 -0.126073 -0.990758 -0.131062 0.034947 -0.050912 0.120514 -0.991405] 
fr 8695
ts 33174.384524
6d 1 [12 1.000][-1921.506 -52.277 716.734 -173.0651 -2.7879 82.6873][0.127134 -0.983862 -0.125905 -0.990692 -0.132178 0.032522 -0.048640 0.120598 -0.991509] 
fr 8696
ts 33174.401185
6d 1 [12 1.000][-1921.806 -52.202 717.001 -173.2274 -2.7943 82.6948][0.127003 -0.984231 -0.123127 -0.990704 -0.131969 0.033021 -0.048750 0.117789 -0.991841] 
fr 8697
ts 33174.417838
6d 1 [12 1.000][-1921.699 -52.393 717.712 -173.5877 -2.7793 82.9446][0.122684 -0.985554 -0.116755 -0.991260 -0.127435 0.034103 -0.048489 0.111550 -0.992575] 
fr 8698
ts 33174.434500
6d 1 [12 1.000][-1921.111 -53.321 718.825 -174.0171 -2.6356 83.0907][0.120170 -0.986754 -0.108977 -0.991688 -0.124400 0.032862 -0.045984 0.104122 -0.993501] 
fr 8699
ts 33174.451147
6d 1 [12 1.000][-1919.770 -55.392 719.940 -174.3320 -2.7575 83.2698][0.117059 -0.987697 -0.103695 -0.991959 -0.121340 0.035970 -0.048110 0.098650 -0.993959] 
fr 8700
ts 33174.467807
6d 1 [12 1.000][-1918.584 -58.361 720.713 -174.4241 -2.9486 83.7327][0.109023 -0.988774 -0.102173 -0.992707 -0.113619 0.040284 -0.051441 0.097036 -0.993951] 
fr 8701
ts 33174.484499
6d 1 [12 1.000][-1917.606 -61.438 722.499 -174.8833 -3.1667 84.3926][0.097562 -0.990768 -0.094133 -0.993695 -0.102225 0.046043 -0.055241 0.089048 -0.994494] 
fr 8702
ts 33174.501161
6d 1 [12 1.000][-1918.118 -64.050 724.382 -175.2193 -3.8181 85.9523][0.070431 -0.993644 -0.087817 -0.995292 -0.075877 0.060308 -0.066588 0.083156 -0.994309] 
fr 8703
ts 33174.517845
6d 1 [12 1.000][-1920.796 -66.163 727.105 -175.8499 -3.9399 87.7711][0.038800 -0.996430 -0.074980 -0.996882 -0.043759 0.065663 -0.068710 0.072198 -0.995021] 
fr 8704
ts 33174.534507
6d 1 [12 1.000][-1925.582 -67.874 730.878 -176.7247 -3.0543 89.1712][0.014443 -0.998218 -0.057896 -0.998475 -0.017484 0.052363 -0.053282 0.057052 -0.996948] 
fr 8705
ts 33174.551183
6d 1 [12 1.000][-1931.801 -69.366 734.719 -177.3600 -1.6676 90.2418][-0.004218 -0.998935 -0.045937 -0.999568 0.002875 0.029265 -0.029101 0.046041 -0.998516] 
fr 8706
ts 33174.567845
6d 1 [12 1.000][-1938.405 -70.261 739.306 -178.2709 0.1083 90.9106][-0.015891 -0.999418 -0.030200 -0.999872 0.015941 -0.001409 0.001890 0.030174 -0.999543] 
fr 8707
ts 33174.584512
6d 1 [12 1.000][-1944.656 -69.346 744.530 -179.5151 1.9219 91.4641][-0.025535 -0.999630 -0.009317 -0.999111 0.025833 -0.033309 0.033537 0.008458 -0.999402] 
fr 8708
ts 33174.601177
6d 1 [12 1.000][-1949.153 -66.715 751.003 178.6373 3.2041 91.7979][-0.031325 -0.999267 0.022016 -0.997945 0.030037 -0.056596 0.055893 -0.023744 -0.998154] 
fr 8709
ts 33174.617841
6d 1 [12 1.000][-1952.103 -62.257 757.912 176.5985 4.1008 91.9438][-0.033833 -0.997808 0.056877 -0.996866 0.029619 -0.073358 0.071512 -0.059180 -0.995683] 
fr 8710
ts 33174.634502
6d 1 [12 1.000][-1953.644 -57.333 765.295 174.4065 4.8951 91.7548][-0.030511 -0.995026 0.094823 -0.995885 0.022163 -0.087871 0.085332 -0.097114 -0.991608] 
fr 8711
ts 33174.651159
6d 1 [12 1.000][-1954.509 -51.773 773.087 171.9201 5.6834 91.3329][-0.023147 -0.990129 0.138236 -0.994815 0.009115 -0.101291 0.099031 -0.139863 -0.985206] 
fr 8712
ts 33174.667820
6d 1 [12 1.000][-1954.656 -45.433 781.433 169.3557 6.4073 90.6543][-0.011348 -0.982964 0.183447 -0.993689 -0.009388 -0.111778 0.111596 -0.183558 -0.976654] 
fr 8713
ts 33174.684470
6d 1 [12 1.000][-1954.355 -38.718 790.119 166.6762 7.3551 89.5688][0.007464 -0.972834 0.231385 -0.991744 -0.036825 -0.122835 0.128019 -0.228558 -0.965076] 
fr 8714
ts 33174.701132
6d 1 [12 1.000][-1953.677 -32.082 798.550 164.2011 8.3959 88.1493][0.031950 -0.960438 0.276657 -0.988767 -0.070809 -0.131630 0.146012 -0.269343 -0.951911] 
fr 8715
ts 33174.717774
6d 1 [12 1.000][-1952.828 -25.086 807.144 161.8634 9.7740 86.5001][0.060161 -0.945319 0.320551 -0.983647 -0.110760 -0.142025 0.169763 -0.306765 -0.936523] 
fr 8716
ts 33174.734438
6d 1 [12 1.000][-1951.598 -18.967 816.398 159.9307 11.4663 84.5849][0.092487 -0.928649 0.359246 -0.975668 -0.156553 -0.153504 0.198792 -0.336308 -0.920532] 
fr 8717
ts 33174.751120
6d 1 [12 1.000][-1950.145 -13.434 826.601 158.3737 13.4656 82.5231][0.126550 -0.910535 0.393587 -0.964241 -0.206059 -0.166671 0.232862 -0.358421 -0.904052] 
fr 8718
ts 33174.767786
6d 1 [12 1.000][-1948.175 -8.811 837.701 157.2499 15.7380 80.5665][0.157758 -0.892537 0.422481 -0.949495 -0.254624 -0.183371 0.271239 -0.372215 -0.887629] 
fr 8719
ts 33174.784467
6d 1 [12 1.000][-1944.278 -4.565 849.967 156.4757 17.7571 78.9137][0.183127 -0.876373 0.445461 -0.934586 -0.295766 -0.197667 0.304982 -0.380123 -0.873208] 
fr 8720
ts 33174.801128
6d 1 [12 1.000][-1937.200 0.352 863.628 155.9354 19.1578 77.6108][0.202668 -0.863112 0.462561 -0.922621 -0.326605 -0.205184 0.328172 -0.385184 -0.862518] 
fr 8721
ts 33174.817802
6d 1 [12 1.000][-1927.188 6.494 878.002 155.6169 19.8612 76.8351][0.214207 -0.854924 0.472463 -0.915801 -0.344012 -0.207281 0.339742 -0.388280 -0.856629] 
fr 8722
ts 33174.834464
6d 1 [12 1.000][-1915.219 12.972 892.952 155.5616 20.1927 76.6202][0.217183 -0.852650 0.475205 -0.913063 -0.349602 -0.209987 0.345178 -0.388287 -0.854450] 
fr 8723
ts 33174.851131
6d 1 [12 1.000][-1901.073 21.014 908.394 155.6194 20.1485 76.7847][0.214621 -0.854197 0.473588 -0.913941 -0.346649 -0.211060 0.344455 -0.387534 -0.855084] 
fr 8724
ts 33174.867792
6d 1 [12 1.000][-1885.623 30.056 924.294 155.7503 19.9571 77.4414][0.204381 -0.859468 0.468554 -0.917460 -0.335082 -0.214449 0.341316 -0.386050 -0.857012] 
fr 8725
ts 33174.884452
6d 1 [12 1.000][-1869.165 41.108 940.687 155.8076 19.7927 78.5333][0.187054 -0.866382 0.463027 -0.922144 -0.317335 -0.221245 0.338617 -0.385593 -0.858287] 
fr 8726
ts 33174.901112
6d 1 [12 1.000][-1852.154 52.814 957.501 156.0360 19.9062 80.0246][0.162875 -0.876030 0.453919 -0.926037 -0.294494 -0.236071 0.340482 -0.381895 -0.859202] 
fr 8727
ts 33174.917763
6d 1 [12 1.000][-1834.725 65.671 974.965 156.1751 20.1859 82.1252][0.128594 -0.887060 0.443383 -0.929727 -0.263407 -0.257341 0.345067 -0.379132 -0.858596] 
fr 8728
ts 33174.934429
6d 1 [12 1.000][-1817.150 78.885 992.276 156.4607 21.1511 84.7460][0.085402 -0.899738 0.427993 -0.928714 -0.227453 -0.292841 0.360829 -0.372473 -0.855024] 
fr 8729
ts 33174.951074
6d 1 [12 1.000][-1797.681 93.529 1009.964 156.5830 21.8277 88.1092][0.030630 -0.912262 0.408461 -0.927801 -0.177965 -0.327894 0.371817 -0.368928 -0.851848] 
fr 8730
ts 33174.967736
6d 1 [12 1.000][-1776.952 108.915 1027.762 156.6157 21.9376 92.0739][-0.033569 -0.922628 0.384227 -0.926984 -0.114965 -0.357049 0.373597 -0.368158 -0.851402] 
fr 8731
ts 33174.984427
6d 1 [12 1.000][-1753.225 126.008 1046.232 156.4700 21.8648 96.5518][-0.105893 -0.927828 0.357661 -0.922004 -0.043095 -0.384773 0.372417 -0.370510 -0.850898] 
fr 8732
ts 33175.001089
6d 1 [12 1.000][-1727.242 143.297 1064.896 156.1892 21.5879 101.3261][-0.182616 -0.926239 0.329748 -0.911746 0.034030 -0.409342 0.367927 -0.375399 -0.850709] 
fr 8733
ts 33175.017771
6d 1 [12 1.000][-1699.564 160.441 1083.594 155.6586 21.4091 106.5268][-0.264835 -0.916264 0.300538 -0.892535 0.114939 -0.436085 0.365025 -0.383732 -0.848237] 
fr 8734
ts 33175.034436
6d 1 [12 1.000][-1670.525 176.834 1102.565 154.9363 20.8299 112.1375][-0.352201 -0.895826 0.271016 -0.865741 0.201813 -0.458001 0.355594 -0.395938 -0.846632] 
fr 8735
ts 33175.051114
6d 1 [12 1.000][-1640.619 192.508 1122.054 153.8308 20.2311 118.1843][-0.443171 -0.863113 0.242146 -0.827053 0.289469 -0.481862 0.345808 -0.413815 -0.842125] 
fr 8736
ts 33175.067775
6d 1 [12 1.000][-1610.273 207.017 1141.742 152.3360 19.9114 124.4428][-0.531773 -0.819847 0.212293 -0.775391 0.370529 -0.511348 0.340566 -0.436532 -0.832739] 
fr 8737
ts 33175.084446
6d 1 [12 1.000][-1579.685 219.195 1161.534 150.8676 19.4848 130.8349][-0.616433 -0.767066 0.177819 -0.713267 0.448303 -0.538772 0.333557 -0.458949 -0.823471] 
fr 8738
ts 33175.101107
6d 1 [12 1.000][-1548.622 228.833 1181.417 149.3461 19.2917 137.2591][-0.693191 -0.707557 0.137294 -0.640575 0.517483 -0.567340 0.330378 -0.481222 -0.811958] 
fr 8739
ts 33175.117771
6d 1 [12 1.000][-1516.684 235.958 1201.662 147.7239 18.9451 143.4705][-0.760022 -0.642575 0.097285 -0.562993 0.576193 -0.592486 0.324662 -0.505073 -0.799685] 
fr 8740
ts 33175.134432
6d 1 [12 1.000][-1483.940 239.856 1222.177 146.5198 18.3425 149.3738][-0.816788 -0.574294 0.055162 -0.483552 0.629291 -0.608416 0.314697 -0.523621 -0.791699] 
fr 8741
ts 33175.151090
6d 1 [12 1.000][-1450.819 239.801 1243.550 145.8444 17.5280 154.7110][-0.862184 -0.506387 0.014500 -0.407350 0.675978 -0.614101 0.301171 -0.535375 -0.789094] 
fr 8742
ts 33175.167750
6d 1 [12 1.000][-1417.611 236.165 1266.056 145.9548 16.3685 159.4697][-0.898530 -0.438343 -0.022339 -0.336489 0.720638 -0.606181 0.281813 -0.537155 -0.795013] 
fr 8743
ts 33175.184401
6d 1 [12 1.000][-1385.103 228.931 1289.124 146.6710 15.1692 163.7085][-0.926403 -0.372387 -0.055722 -0.270750 0.761648 -0.588716 0.261671 -0.530302 -0.806417] 
fr 8744
ts 33175.201062
6d 1 [12 1.000][-1354.068 218.545 1312.783 147.8575 13.9913 167.4909][-0.947298 -0.308974 -0.084624 -0.210169 0.798767 -0.563738 0.241775 -0.516243 -0.821607] 
fr 8745
ts 33175.217706
6d 1 [12 1.000][-1324.586 205.161 1336.845 149.4736 12.8800 170.7476][-0.962156 -0.250250 -0.107847 -0.156739 0.831983 -0.532200 0.222909 -0.495155 -0.839722] 
fr 8746
ts 33175.234367
6d 1 [12 1.000][-1296.862 189.556 1360.665 151.0880 11.9312 173.6828][-0.972456 -0.195662 -0.126674 -0.107655 0.859050 -0.500443 0.206737 -0.473022 -0.856452] 
fr 8747
ts 33175.251052
6d 1 [12 1.000][-1270.988 172.034 1384.171 152.7745 11.0593 176.3796][-0.979470 -0.143733 -0.141344 -0.061973 0.881896 -0.467352 0.191825 -0.448998 -0.872699] 
fr 8748
ts 33175.267717
6d 1 [12 1.000][-1247.108 153.244 1406.968 154.4838 10.2987 178.8902][-0.983704 -0.094477 -0.152970 -0.019056 0.900802 -0.433811 0.178781 -0.423827 -0.887924] 
fr 8749
ts 33175.284398
6d 1 [12 1.000][-1224.925 133.650 1429.053 156.1483 9.5232 -178.7158][-0.985971 -0.046389 -0.160341 0.022102 0.915865 -0.400879 0.165447 -0.398799 -0.901991] 
fr 8750
ts 33175.301060
6d 1 [12 1.000][-1204.542 113.936 1450.091 157.7031 8.7610 -176.2569][-0.986224 0.002738 -0.165392 0.064522 0.927029 -0.369396 0.152312 -0.374979 -0.914435] 
fr 8751
ts 33175.317733
6d 1 [12 1.000][-1185.760 93.216 1470.563 159.4730 7.9604 -173.8473][-0.984659 0.052093 -0.166531 0.106146 0.936317 -0.334729 0.138489 -0.347270 -0.927483] 
fr 8752
ts 33175.334395
6d 1 [12 1.000][-1168.653 72.655 1489.976 161.1731 7.2058 -171.2470][-0.980548 0.104026 -0.166448 0.150973 0.941634 -0.300885 0.125434 -0.320161 -0.939023] 
fr 8753
ts 33175.351058
6d 1 [12 1.000][-1153.360 52.200 1508.772 162.7345 6.3707 -168.5280][-0.973970 0.157652 -0.162874 0.197661 0.942412 -0.269796 0.110961 -0.294967 -0.949043] 
fr 8754
ts 33175.367724
6d 1 [12 1.000][-1140.005 31.604 1526.703 164.5555 5.7206 -165.7596][-0.964445 0.211379 -0.158635 0.244766 0.940801 -0.234487 0.099678 -0.264978 -0.959088] 
fr 8755
ts 33175.384384
6d 1 [12 1.000][-1128.755 10.824 1543.619 166.1767 5.2572 -163.0208][-0.952388 0.262628 -0.154867 0.290796 0.935103 -0.202532 0.091626 -0.237924 -0.966952] 
fr 8756
ts 33175.401045
6d 1 [12 1.000][-1118.944 -8.604 1559.616 167.8772 4.9094 -160.1408][-0.937080 0.315230 -0.150038 0.338464 0.925662 -0.169095 0.085581 -0.209238 -0.974113] 
fr 8757
ts 33175.417699
6d 1 [12 1.000][-1111.065 -27.308 1574.982 169.3745 4.5235 -157.3840][-0.920228 0.364535 -0.142462 0.383355 0.912867 -0.140400 0.078868 -0.183814 -0.979792] 
fr 8758
ts 33175.434361
6d 1 [12 1.000][-1105.271 -45.223 1589.656 171.0327 4.2955 -154.9234][-0.903198 0.408075 -0.133073 0.422639 0.899620 -0.109821 0.074900 -0.155432 -0.985003] 
fr 8759
ts 33175.451007
6d 1 [12 1.000][-1102.165 -62.834 1603.316 172.8270 4.4053 -152.8406][-0.887111 0.444362 -0.124804 0.455119 0.887154 -0.076311 0.076810 -0.124497 -0.989242] 
fr 8760
ts 33175.467670
6d 1 [12 1.000][-1101.597 -79.693 1615.749 174.6453 4.9494 -151.3104][-0.873962 0.470907 -0.120154 0.478275 0.877270 -0.040626 0.086276 -0.092973 -0.991924] 
fr 8761
ts 33175.484361
6d 1 [12 1.000][-1103.327 -94.347 1626.358 176.1878 5.9993 -150.4321][-0.865008 0.486319 -0.123512 0.490752 0.871276 -0.006368 0.104516 -0.066122 -0.992323] 
fr 8762
ts 33175.501023
6d 1 [12 1.000][-1106.750 -106.203 1635.590 177.0145 7.1269 -150.2552][-0.861535 0.489855 -0.133414 0.492305 0.870271 0.016251 0.124067 -0.051680 -0.990927] 
fr 8763
ts 33175.517708
6d 1 [12 1.000][-1111.448 -115.257 1644.093 177.1769 8.0150 -150.9245][-0.865442 0.479370 -0.145648 0.481215 0.876256 0.024631 0.139432 -0.048771 -0.989030] 
fr 8764
ts 33175.534369
6d 1 [12 1.000][-1117.654 -122.449 1651.704 177.0539 8.9504 -152.2331][-0.874076 0.458185 -0.161427 0.460203 0.887406 0.026907 0.155579 -0.050771 -0.986518] 
fr 8765
ts 33175.551047
6d 1 [12 1.000][-1125.653 -128.768 1658.607 177.0080 10.0054 -154.0952][-0.885840 0.428125 -0.178873 0.430234 0.902257 0.028849 0.173740 -0.051402 -0.983449] 
fr 8766
ts 33175.567710
6d 1 [12 1.000][-1135.011 -134.438 1664.839 177.1453 11.1005 -156.3103][-0.898602 0.392503 -0.196099 0.394266 0.918451 0.031653 0.192531 -0.048872 -0.980073] 
fr 8767
ts 33175.584379
6d 1 [12 1.000][-1145.460 -140.362 1670.302 177.6743 12.2780 -158.9582][-0.911971 0.350699 -0.212882 0.350837 0.935648 0.038416 0.212655 -0.039652 -0.976322] 
fr 8768
ts 33175.601041
6d 1 [12 1.000][-1156.218 -146.284 1675.445 178.4943 13.3122 -161.7857][-0.924371 0.306716 -0.226857 0.304173 0.951457 0.046987 0.230257 -0.025570 -0.972794] 
fr 8769
ts 33175.617705
6d 1 [12 1.000][-1167.198 -152.951 1681.148 179.6186 13.8805 -164.9318][-0.937419 0.258420 -0.233375 0.252377 0.966011 0.055937 0.239898 -0.006462 -0.970777] 
fr 8770
ts 33175.634367
6d 1 [12 1.000][-1178.107 -158.980 1686.014 -179.0493 14.3267 -168.0486][-0.947898 0.211071 -0.238617 0.200642 0.977339 0.067467 0.247450 0.016075 -0.968767] 
fr 8771
ts 33175.651023
6d 1 [12 1.000][-1188.836 -164.549 1689.904 -177.4508 14.7558 -171.1427][-0.955488 0.165015 -0.244565 0.148896 0.985353 0.083125 0.254700 0.043010 -0.966063] 
fr 8772
ts 33175.667685
6d 1 [12 1.000][-1199.412 -169.146 1693.126 -175.9239 15.0672 -173.8747][-0.960109 0.124806 -0.250230 0.103036 0.989804 0.098343 0.259952 0.068638 -0.963179] 
fr 8773
ts 33175.684335
6d 1 [12 1.000][-1210.003 -172.658 1696.304 -174.9881 15.1374 -176.3320][-0.963325 0.086496 -0.254015 0.061754 0.992677 0.103825 0.261135 0.084331 -0.961612] 
fr 8774
ts 33175.700996
6d 1 [12 1.000][-1220.839 -174.745 1698.325 -174.2664 15.3559 -178.5825][-0.964004 0.051061 -0.260937 0.023854 0.994038 0.106390 0.264814 0.096336 -0.959475] 
fr 8775
ts 33175.717640
6d 1 [12 1.000][-1231.883 -175.713 1699.905 -173.8084 15.6071 179.3752][-0.963072 0.018175 -0.268629 -0.010502 0.994424 0.104931 0.269038 0.103877 -0.957511] 
fr 8776
ts 33175.734299
6d 1 [12 1.000][-1242.729 -176.135 1700.911 -173.8399 15.9970 177.5513][-0.960398 -0.012932 -0.278330 -0.041070 0.994582 0.095503 0.275587 0.103152 -0.955726] 
fr 8777
ts 33175.750987
6d 1 [12 1.000][-1253.485 -176.643 1701.478 -173.6354 16.4690 175.5867][-0.956130 -0.045143 -0.289444 -0.073794 0.993308 0.088846 0.283496 0.106308 -0.953063] 
fr 8778
ts 33175.767651
6d 1 [12 1.000][-1263.496 -178.000 1701.587 -173.0974 17.0887 173.6102][-0.949913 -0.075390 -0.303286 -0.106379 0.990515 0.086968 0.293852 0.114875 -0.948923] 
fr 8779
ts 33175.784333
6d 1 [12 1.000][-1271.709 -181.718 1700.567 -171.4278 17.8749 171.1167][-0.940313 -0.107495 -0.322888 -0.146968 0.984033 0.100399 0.306940 0.141861 -0.941097] 
fr 8780
ts 33175.800994
6d 1 [12 1.000][-1277.719 -187.028 1699.008 -169.2370 18.6429 168.6432][-0.928977 -0.134926 -0.344670 -0.186586 0.974928 0.121249 0.319668 0.176948 -0.930861] 
fr 8781
ts 33175.817669
6d 1 [12 1.000][-1280.818 -193.100 1697.526 -166.8110 19.1123 166.4217][-0.918470 -0.155963 -0.363441 -0.221832 0.963949 0.146944 0.327420 0.215587 -0.919956] 
fr 8782
ts 33175.834330
6d 1 [12 1.000][-1281.502 -199.209 1697.192 -164.5995 18.9712 164.8859][-0.912969 -0.168033 -0.371822 -0.246580 0.953254 0.174656 0.325093 0.251140 -0.911726] 
fr 8783
ts 33175.850998
6d 1 [12 1.000][-1278.989 -206.255 1698.664 -162.1850 17.7960 163.6054][-0.913436 -0.179014 -0.365497 -0.268746 0.939732 0.211376 0.305629 0.291305 -0.906495] 
fr 8784
ts 33175.867659
6d 1 [12 1.000][-1273.686 -213.311 1701.320 -160.2976 16.0480 162.8604][-0.918350 -0.188389 -0.348055 -0.283217 0.927112 0.245463 0.276443 0.323996 -0.904768] 
fr 8785
ts 33175.884320
6d 1 [12 1.000][-1266.483 -219.239 1705.054 -159.1346 13.9651 162.9737][-0.927909 -0.191420 -0.319912 -0.284156 0.918633 0.274532 0.241331 0.345646 -0.906801] 
fr 8786
ts 33175.900982
6d 1 [12 1.000][-1257.764 -223.557 1708.939 -158.3651 11.8880 163.7917][-0.939658 -0.186535 -0.286788 -0.273143 0.913806 0.300587 0.205999 0.360783 -0.909615] 
fr 8787
ts 33175.917634
6d 1 [12 1.000][-1248.079 -227.660 1712.198 -157.8704 10.0326 164.9057][-0.950735 -0.177865 -0.253903 -0.256426 0.911464 0.321682 0.174208 0.370942 -0.912170] 
fr 8788
ts 33175.934297
6d 1 [12 1.000][-1236.885 -231.489 1714.915 -157.4923 8.2946 166.2388][-0.961135 -0.166117 -0.220509 -0.235387 0.910447 0.340117 0.144263 0.378803 -0.914164] 
fr 8789
ts 33175.950944
6d 1 [12 1.000][-1224.250 -236.041 1716.943 -157.0012 6.5225 167.4930][-0.969951 -0.156015 -0.186695 -0.215156 0.908280 0.358796 0.113594 0.388183 -0.914555] 
fr 8790
ts 33175.967604
6d 1 [12 1.000][-1210.281 -240.525 1718.380 -156.5141 4.8053 168.8935][-0.977822 -0.143917 -0.152161 -0.191957 0.906412 0.376259 0.083770 0.397122 -0.913935] 
fr 8791
ts 33175.984298
6d 1 [12 1.000][-1194.713 -245.848 1719.502 -155.9715 2.9272 170.2388][-0.984237 -0.134356 -0.115002 -0.169320 0.903646 0.393388 0.051067 0.406659 -0.912152] 
fr 8792
ts 33176.000958
6d 1 [12 1.000][-1177.878 -251.726 1720.784 -155.4187 0.9059 171.9762][-0.990086 -0.120423 -0.072302 -0.139568 0.901387 0.409904 0.015810 0.415932 -0.909258] 
fr 8793
ts 33176.017644
6d 1 [12 1.000][-1159.439 -258.901 1721.435 -154.6435 -1.3246 173.9576][-0.994178 -0.104969 -0.024305 -0.105237 0.897598 0.428069 -0.023117 0.428134 -0.903419] 
fr 8794
ts 33176.034306
6d 1 [12 1.000][-1140.413 -266.298 1721.434 -153.6809 -3.4461 176.6456][-0.996482 -0.079052 0.027843 -0.058406 0.893244 0.445762 -0.060109 0.442568 -0.894718] 
fr 8795
ts 33176.050984
6d 1 [12 1.000][-1121.077 -275.104 1720.259 -152.3192 -5.4547 179.7117][-0.995459 -0.048615 0.081840 -0.005010 0.885316 0.464963 -0.095059 0.462441 -0.881539] 
fr 8796
ts 33176.067645
6d 1 [12 1.000][-1101.974 -284.125 1717.940 -150.7834 -7.1206 -176.8609][-0.990799 -0.012620 0.134755 0.054339 0.874784 0.481456 -0.123958 0.484348 -0.866049] 
fr 8797
ts 33176.084316
6d 1 [12 1.000][-1083.434 -294.089 1714.196 -148.9662 -8.4055 -173.4720][-0.982844 0.022544 0.183053 0.112468 0.859876 0.497961 -0.146177 0.510005 -0.847660] 
fr 8798
ts 33176.100977
6d 1 [12 1.000][-1066.175 -303.353 1709.915 -147.4361 -9.2319 -170.1036][-0.972360 0.059783 0.225704 0.169641 0.845092 0.506993 -0.160431 0.531268 -0.831875] 
fr 8799
ts 33176.117638
6d 1 [12 1.000][-1050.420 -311.766 1705.234 -146.1485 -9.5143 -166.5803][-0.959316 0.103179 0.262806 0.228890 0.829178 0.509973 -0.165294 0.549379 -0.819061] 
fr 8800
ts 33176.134303
6d 1 [12 1.000][-1035.265 -320.092 1699.815 -145.1879 -9.7661 -163.3790][-0.944332 0.142055 0.296746 0.281895 0.814423 0.507198 -0.169627 0.562614 -0.809130] 
fr 8801
ts 33176.150961
6d 1 [12 1.000][-1020.683 -327.301 1694.131 -144.3777 -9.9797 -159.9971][-0.925458 0.183210 0.331605 0.336891 0.798365 0.499117 -0.173299 0.573627 -0.800575] 
fr 8802
ts 33176.167623
6d 1 [12 1.000][-1006.856 -332.702 1688.846 -144.1791 -10.1362 -156.2783][-0.901221 0.231904 0.366088 0.396015 0.783777 0.478398 -0.175989 0.576119 -0.798194] 
fr 8803
ts 33176.184272
6d 1 [12 1.000][-993.708 -336.715 1683.678 -144.4152 -10.3383 -152.5009][-0.872617 0.282878 0.398144 0.454239 0.769591 0.448773 -0.179460 0.572459 -0.800053] 
fr 8804
ts 33176.200933
6d 1 [12 1.000][-981.754 -340.168 1678.320 -144.7146 -10.4153 -148.9140][-0.842283 0.332036 0.424631 0.507817 0.752980 0.418502 -0.180781 0.568132 -0.802835] 
fr 8805
ts 33176.217577
6d 1 [12 1.000][-970.633 -342.861 1672.921 -145.2217 -10.5641 -145.6689][-0.811796 0.376872 0.446044 0.554415 0.737255 0.386108 -0.183335 0.560734 -0.807444] 
fr 8806
ts 33176.234240
6d 1 [12 1.000][-960.685 -344.690 1667.489 -145.8204 -10.5549 -142.8037][-0.783091 0.418158 0.460340 0.594319 0.721198 0.355891 -0.183178 0.552284 -0.813283] 
fr 8807
ts 33176.250927
6d 1 [12 1.000][-952.376 -346.277 1661.862 -146.3917 -10.3201 -140.4569][-0.758670 0.453769 0.467454 0.626359 0.705373 0.331848 -0.179147 0.544558 -0.819368] 
fr 8808
ts 33176.267589
6d 1 [12 1.000][-945.756 -347.523 1656.131 -146.8385 -9.8187 -138.5784][-0.738878 0.483894 0.468941 0.651903 0.689448 0.315727 -0.170532 0.538988 -0.824870] 
fr 8809
ts 33176.284271
6d 1 [12 1.000][-941.089 -348.153 1650.331 -147.2632 -8.9698 -137.1912][-0.724654 0.509761 0.463704 0.671244 0.674396 0.307607 -0.155914 0.534167 -0.830877] 
fr 8810
ts 33176.300932
6d 1 [12 1.000][-937.694 -348.391 1644.201 -147.6250 -7.8257 -136.1800][-0.714800 0.532165 0.453720 0.685946 0.659848 0.306722 -0.136160 0.530472 -0.836696] 
fr 8811
ts 33176.317607
6d 1 [12 1.000][-935.896 -347.708 1638.326 -147.8028 -6.4838 -135.4991][-0.708678 0.550217 0.441629 0.696437 0.645731 0.313061 -0.112922 0.529426 -0.840807] 
fr 8812
ts 33176.334269
6d 1 [12 1.000][-935.414 -345.486 1632.991 -147.9893 -5.3279 -135.2201][-0.706751 0.562345 0.429268 0.701342 0.636560 0.320797 -0.092856 0.527787 -0.844286] 
fr 8813
ts 33176.350932
6d 1 [12 1.000][-936.077 -341.421 1628.041 -148.2243 -4.1841 -135.0873][-0.706296 0.572997 0.415717 0.704147 0.629165 0.329134 -0.072962 0.525192 -0.847850] 
fr 8814
ts 33176.367598
6d 1 [12 1.000][-937.633 -335.438 1623.364 -148.7772 -3.2366 -135.1782][-0.708172 0.582045 0.399646 0.703779 0.627197 0.333645 -0.056460 0.517540 -0.853794] 
fr 8815
ts 33176.384259
6d 1 [12 1.000][-940.568 -327.360 1618.854 -149.5624 -2.1508 -135.4412][-0.712029 0.591395 0.378507 0.701147 0.627671 0.338265 -0.037530 0.506243 -0.861574] 
fr 8816
ts 33176.400919
6d 1 [12 1.000][-945.008 -317.293 1614.076 -150.5520 -0.9242 -135.9037][-0.718078 0.600266 0.352199 0.695776 0.630904 0.343303 -0.016130 0.491570 -0.870689] 
fr 8817
ts 33176.417574
6d 1 [12 1.000][-951.412 -305.508 1608.978 -151.5825 0.4514 -136.5818][-0.726334 0.607222 0.322057 0.687297 0.636255 0.350431 0.007879 0.475879 -0.879476] 
fr 8818
ts 33176.434235
6d 1 [12 1.000][-959.869 -292.470 1602.973 -152.3860 2.1350 -137.5317][-0.737139 0.611010 0.288605 0.674713 0.641967 0.364199 0.037254 0.463191 -0.885475] 
fr 8819
ts 33176.450879
6d 1 [12 1.000][-970.405 -278.711 1596.213 -152.7836 4.0973 -138.7154][-0.749521 0.611306 0.254014 0.658114 0.646684 0.385598 0.071451 0.456184 -0.887012] 
fr 8820
ts 33176.467544
6d 1 [12 1.000][-982.615 -263.826 1587.696 -153.0900 6.2648 -140.2789][-0.764571 0.607842 0.214382 0.635235 0.654316 0.410301 0.109124 0.449887 -0.886393] 
fr 8821
ts 33176.484235
6d 1 [12 1.000][-996.574 -248.956 1577.640 -152.8888 8.5007 -142.4618][-0.784236 0.595761 0.173329 0.602596 0.664776 0.441532 0.147822 0.450713 -0.880344] 
fr 8822
ts 33176.500899
6d 1 [12 1.000][-1011.589 -234.407 1566.468 -152.1369 10.4161 -145.2099][-0.807714 0.573817 0.135398 0.561169 0.677827 0.475016 0.180796 0.459658 -0.869498] 
fr 8823
ts 33176.517584
6d 1 [12 1.000][-1027.112 -219.836 1554.201 -151.3107 11.9631 -148.2249][-0.831658 0.546535 0.098211 0.515150 0.693357 0.503862 0.207282 0.469634 -0.858183] 
fr 8824
ts 33176.534244
6d 1 [12 1.000][-1042.764 -205.988 1541.389 -150.2466 12.9339 -151.5895][-0.857246 0.510763 0.065201 0.463715 0.710758 0.528953 0.223827 0.483677 -0.846143] 
fr 8825
ts 33176.550924
6d 1 [12 1.000][-1058.399 -192.916 1528.056 -149.0703 13.1920 -155.2837][-0.884417 0.465221 0.037082 0.407092 0.730169 0.548753 0.228215 0.500422 -0.835162] 
fr 8826
ts 33176.567584
6d 1 [12 1.000][-1074.214 -180.248 1513.845 -148.1310 12.9183 -159.2887][-0.911700 0.410756 0.009134 0.344709 0.752629 0.561005 0.223561 0.514616 -0.827762] 
fr 8827
ts 33176.584256
6d 1 [12 1.000][-1090.396 -168.321 1498.479 -147.0420 12.1817 -163.6353][-0.937883 0.346554 -0.016602 0.275407 0.772733 0.571870 0.211013 0.531775 -0.820176] 
fr 8828
ts 33176.600917
6d 1 [12 1.000][-1106.655 -157.146 1482.095 -145.6049 10.8313 -168.3182][-0.961841 0.271030 -0.037472 0.198869 0.786577 0.584592 0.187917 0.554832 -0.810462] 
fr 8829
ts 33176.617582
6d 1 [12 1.000][-1122.967 -146.171 1465.108 -144.2039 8.8606 -172.9612][-0.980619 0.188808 -0.052319 0.121079 0.793951 0.595804 0.154031 0.577922 -0.801424] 
fr 8830
ts 33176.634243
6d 1 [12 1.000][-1139.348 -134.975 1447.224 -143.2106 6.6016 -177.5479][-0.992460 0.103050 -0.066362 0.042501 0.797164 0.602266 0.114965 0.594904 -0.795533] 
fr 8831
ts 33176.650900
6d 1 [12 1.000][-1156.554 -123.049 1428.229 -142.8200 4.3236 178.0152][-0.996556 0.017937 -0.080960 -0.034536 0.797841 0.601878 0.075389 0.602601 -0.794474] 
fr 8832
ts 33176.667562
6d 1 [12 1.000][-1174.798 -110.537 1408.121 -143.1157 2.1721 173.7785][-0.993396 -0.064068 -0.095182 -0.108295 0.797603 0.593381 0.037901 0.599770 -0.799274] 
fr 8833
ts 33176.684214
6d 1 [12 1.000][-1194.240 -97.624 1387.453 -143.9278 0.0216 169.6617][-0.983765 -0.144835 -0.105967 -0.179460 0.795194 0.579190 0.000378 0.588804 -0.808276] 
fr 8834
ts 33176.700874
6d 1 [12 1.000][-1214.644 -83.863 1365.952 -144.8212 -1.9586 165.8092][-0.968918 -0.219467 -0.114156 -0.245008 0.787589 0.565398 -0.034178 0.575793 -0.816881] 
fr 8835
ts 33176.717517
6d 1 [12 1.000][-1235.849 -71.533 1344.807 -146.1154 -4.1147 161.9191][-0.948169 -0.295678 -0.116407 -0.309560 0.776752 0.548478 -0.071754 0.556085 -0.828022] 
fr 8836
ts 33176.734178
6d 1 [12 1.000][-1257.091 -59.446 1323.354 -147.9059 -6.3753 157.9357][-0.921031 -0.372916 -0.112404 -0.373325 0.762970 0.527736 -0.111040 0.528025 -0.841938] 
fr 8837
ts 33176.750865
6d 1 [12 1.000][-1278.085 -47.754 1301.953 -150.2817 -8.5337 153.9650][-0.888578 -0.447288 -0.101793 -0.434061 0.748057 0.501997 -0.148390 0.490248 -0.858858] 
fr 8838
ts 33176.767530
6d 1 [12 1.000][-1298.766 -36.087 1280.671 -152.9974 -10.7518 150.2477][-0.852937 -0.515690 -0.081007 -0.487540 0.731501 0.476666 -0.186555 0.446061 -0.875344] 
fr 8839
ts 33176.784212
6d 1 [12 1.000][-1318.942 -24.775 1259.414 -155.8610 -13.1722 146.6056][-0.812936 -0.580075 -0.051468 -0.535917 0.710602 0.455891 -0.227878 0.398193 -0.888546] 
fr 8840
ts 33176.800873
6d 1 [12 1.000][-1339.382 -14.179 1238.170 -159.0285 -15.5721 142.9354][-0.768666 -0.639457 -0.015692 -0.580592 0.687190 0.436673 -0.268450 0.344766 -0.899484] 
fr 8841
ts 33176.817548
6d 1 [12 1.000][-1360.588 -4.512 1216.467 -162.2133 -17.8192 139.4755][-0.723662 -0.689771 0.023003 -0.618602 0.663054 0.421535 -0.306015 0.290819 -0.906520] 
fr 8842
ts 33176.834209
6d 1 [12 1.000][-1383.339 4.409 1194.580 -165.4746 -19.6666 136.2769][-0.680532 -0.730083 0.062092 -0.650855 0.641248 0.406434 -0.336546 0.236178 -0.911568] 
fr 8843
ts 33176.850878
6d 1 [12 1.000][-1408.000 12.655 1172.381 -168.7953 -20.8054 133.2560][-0.640575 -0.761714 0.097241 -0.680809 0.621930 0.386914 -0.355194 0.181645 -0.916974] 
fr 8844
ts 33176.867539
6d 1 [12 1.000][-1434.234 19.977 1149.880 -171.9256 -21.2729 130.1517][-0.600878 -0.789622 0.124267 -0.712260 0.599470 0.365131 -0.362810 0.130889 -0.922625] 
fr 8845
ts 33176.884196
6d 1 [12 1.000][-1461.576 25.877 1126.959 -174.6629 -21.2189 127.1875][-0.563448 -0.813556 0.143710 -0.742652 0.574985 0.343308 -0.361932 0.086710 -0.928163] 
fr 8846
ts 33176.900861
6d 1 [12 1.000][-1489.512 30.054 1104.065 -177.0203 -20.7934 124.3652][-0.527700 -0.834757 0.157205 -0.771692 0.548470 0.321983 -0.354999 0.048597 -0.933603] 
fr 8847
ts 33176.917516
6d 1 [12 1.000][-1517.319 33.468 1081.937 -179.2818 -20.2918 121.7657][-0.493775 -0.852430 0.171901 -0.797443 0.522710 0.301429 -0.346801 0.011757 -0.937865] 
fr 8848
ts 33176.934177
6d 1 [12 1.000][-1544.039 35.898 1060.359 178.5704 -19.8236 119.1865][-0.458757 -0.868639 0.187105 -0.821302 0.494889 0.283810 -0.339125 -0.023470 -0.940449] 
fr 8849
ts 33176.950823
6d 1 [12 1.000][-1570.002 37.172 1039.393 176.5716 -19.5411 116.8088][-0.425038 -0.881897 0.203960 -0.841109 0.468061 0.271026 -0.334483 -0.056357 -0.940715] 
fr 8850
ts 33176.967487
6d 1 [12 1.000][-1595.641 37.602 1019.086 174.6890 -19.1433 114.5587][-0.392642 -0.893015 0.219899 -0.859240 0.441449 0.258514 -0.327931 -0.087443 -0.940646] 
fr 8851
ts 33176.984177
6d 1 [12 1.000][-1621.581 37.805 999.897 172.7005 -18.3086 112.3597][-0.361162 -0.902135 0.236038 -0.877998 0.414249 0.239827 -0.314135 -0.120624 -0.941684] 
fr 8852
ts 33177.000840
6d 1 [12 1.000][-1648.116 37.994 981.749 170.7835 -17.0463 110.3354][-0.332248 -0.909253 0.250741 -0.896481 0.387054 0.215666 -0.293145 -0.153130 -0.943725] 
fr 8853
ts 33177.017525
6d 1 [12 1.000][-1675.043 38.217 964.524 168.9897 -15.2263 108.3720][-0.304122 -0.915752 0.262505 -0.915715 0.356986 0.184462 -0.262632 -0.184281 -0.947135] 
fr 8854
ts 33177.034187
6d 1 [12 1.000][-1702.025 38.242 948.344 167.2865 -13.0260 106.4196][-0.275397 -0.921678 0.273251 -0.934534 0.323321 0.148691 -0.225393 -0.214414 -0.950381] 
fr 8855
ts 33177.050865
6d 1 [12 1.000][-1728.942 37.692 933.014 165.7676 -10.3253 104.4098][-0.244826 -0.927847 0.281355 -0.952856 0.283898 0.107087 -0.179236 -0.241874 -0.953610] 
fr 8856
ts 33177.067527
6d 1 [12 1.000][-1754.855 36.548 918.368 164.6583 -7.6148 102.5745][-0.215789 -0.933601 0.286049 -0.967407 0.244169 0.067125 -0.132512 -0.262241 -0.955861] 
fr 8857
ts 33177.084198
6d 1 [12 1.000][-1778.655 34.449 904.446 163.9318 -5.2023 100.8662][-0.187740 -0.938972 0.288244 -0.978025 0.205798 0.033390 -0.090673 -0.275641 -0.956975] 
fr 8858
ts 33177.100861
6d 1 [12 1.000][-1800.008 31.633 890.892 163.7067 -3.1543 99.5090][-0.164952 -0.944099 0.285425 -0.984766 0.173793 0.005741 -0.055025 -0.280130 -0.958384] 
fr 8859
ts 33177.117524
6d 1 [12 1.000][-1818.677 28.278 877.794 163.7822 -1.8065 98.5089][-0.147889 -0.948335 0.280695 -0.988501 0.150782 -0.011387 -0.031525 -0.279151 -0.959729] 
fr 8860
ts 33177.134186
6d 1 [12 1.000][-1834.548 24.485 865.685 163.9034 -0.9527 97.7505][-0.134840 -0.951397 0.276879 -0.990728 0.134140 -0.021561 -0.016627 -0.277219 -0.960663] 
fr 8861
ts 33177.150843
6d 1 [12 1.000][-1848.861 20.718 854.629 163.9627 -0.1915 97.2842][-0.126791 -0.953208 0.274441 -0.991924 0.122773 -0.031842 -0.003341 -0.276262 -0.961076] 
fr 8862
ts 33177.167506
6d 1 [12 1.000][-1862.539 17.171 844.260 164.1171 0.5402 97.1904][-0.125162 -0.954582 0.270385 -0.992092 0.117829 -0.043252 0.009428 -0.273660 -0.961780] 
fr 8863
ts 33177.184156
6d 1 [12 1.000][-1875.924 13.661 834.708 164.2936 1.6312 97.3444][-0.127781 -0.955748 0.264985 -0.991394 0.115417 -0.061784 0.028466 -0.270599 -0.962271] 
fr 8864
ts 33177.200817
6d 1 [12 1.000][-1888.993 9.905 825.262 164.7667 2.8558 97.6799][-0.133473 -0.957959 0.253969 -0.989799 0.115970 -0.082754 0.049822 -0.262423 -0.963666] 
fr 8865
ts 33177.217460
6d 1 [12 1.000][-1901.770 6.266 816.242 165.2101 4.5461 98.1537][-0.141382 -0.959964 0.241825 -0.986777 0.117101 -0.112066 0.079262 -0.254472 -0.963827] 
fr 8866
ts 33177.234124
6d 1 [12 1.000][-1912.836 2.975 808.071 165.7351 5.9779 98.4828][-0.146710 -0.962350 0.228820 -0.983682 0.117583 -0.136177 0.104145 -0.245065 -0.963897] 
fr 8867
ts 33177.250809
6d 1 [12 1.000][-1922.486 0.161 800.761 166.1464 7.2291 98.8911][-0.153329 -0.963901 0.217682 -0.980130 0.120293 -0.157716 0.125837 -0.237539 -0.963193] 
fr 8868
ts 33177.267473
6d 1 [12 1.000][-1930.315 -2.268 794.180 166.6297 7.9072 99.3854][-0.161524 -0.965060 0.206322 -0.977233 0.127268 -0.169759 0.137569 -0.229045 -0.963646] 
fr 8869
ts 33177.284155
6d 1 [12 1.000][-1937.293 -5.178 788.521 167.1683 8.7815 99.8871][-0.169694 -0.966367 0.193230 -0.973600 0.134017 -0.184777 0.152666 -0.219484 -0.963597] 
fr 8870
ts 33177.300817
6d 1 [12 1.000][-1943.029 -8.232 783.139 167.8823 9.3850 100.2235][-0.175113 -0.968271 0.178290 -0.970950 0.139846 -0.194161 0.163067 -0.207111 -0.964632] 
fr 8871
ts 33177.317488
6d 1 [12 1.000][-1948.276 -11.380 777.874 168.8289 10.0281 100.4634][-0.178834 -0.970866 0.159494 -0.968348 0.144992 -0.203175 0.174131 -0.190780 -0.966065] 
fr 8872
ts 33177.334153
6d 1 [12 1.000][-1952.825 -14.707 772.332 170.0777 10.6624 100.5604][-0.180107 -0.974201 0.135992 -0.966089 0.149189 -0.210747 0.185022 -0.169337 -0.968035] 
fr 8873
ts 33177.350822
6d 1 [12 1.000][-1956.456 -18.380 767.053 171.4477 11.1539 100.5596][-0.179796 -0.977406 0.111138 -0.964496 0.152939 -0.215307 0.193445 -0.145903 -0.970202] 
fr 8874
ts 33177.367483
6d 1 [12 1.000][-1958.138 -21.996 762.703 172.8012 11.3296 100.5461][-0.179461 -0.979864 0.087523 -0.963950 0.157382 -0.214547 0.196452 -0.122871 -0.972784] 
fr 8875
ts 33177.384145
6d 1 [12 1.000][-1958.274 -25.806 759.320 174.2287 10.9605 100.6943][-0.182183 -0.981199 0.063708 -0.964707 0.165840 -0.204544 0.190133 -0.098723 -0.976782] 
fr 8876
ts 33177.400805
6d 1 [12 1.000][-1957.399 -29.846 756.890 175.5167 10.3258 100.8097][-0.184510 -0.981878 0.043267 -0.966347 0.173211 -0.190186 0.179245 -0.076902 -0.980794] 
fr 8877
ts 33177.417461
6d 1 [12 1.000][-1955.486 -33.301 754.366 176.7451 9.4508 100.6328][-0.182009 -0.982965 0.025556 -0.969490 0.175053 -0.171597 0.164200 -0.056008 -0.984836] 
fr 8878
ts 33177.434122
6d 1 [12 1.000][-1954.154 -36.121 751.886 177.6720 8.7790 100.5164][-0.180379 -0.983523 0.012105 -0.971684 0.176271 -0.157351 0.152624 -0.040145 -0.987469] 
fr 8879
ts 33177.450770
6d 1 [12 1.000][-1953.802 -38.191 749.348 178.3683 8.4013 100.5368][-0.180905 -0.983500 0.001288 -0.972588 0.178703 -0.148790 0.146105 -0.028169 -0.988868] 
fr 8880
ts 33177.467431
6d 1 [12 1.000][-1954.061 -39.666 747.111 178.7321 8.3328 100.6957][-0.183634 -0.982981 -0.005148 -0.972253 0.182397 -0.146476 0.144922 -0.021893 -0.989201] 
fr 8881
ts 33177.484122
6d 1 [12 1.000][-1953.850 -40.908 744.897 179.2614 7.9362 100.9334][-0.187850 -0.982104 -0.013529 -0.972445 0.187904 -0.137998 0.138071 -0.012767 -0.990340] 
fr 8882
ts 33177.500786
6d 1 [12 1.000][-1952.383 -41.864 742.908 179.8200 7.2072 101.1645][-0.192096 -0.981147 -0.021210 -0.973324 0.193238 -0.123691 0.125458 -0.003117 -0.992094] 
fr 8883
ts 33177.517471
6d 1 [12 1.000][-1949.993 -43.165 740.924 -179.5807 6.1271 101.4597][-0.197543 -0.979883 -0.028377 -0.974466 0.199438 -0.103149 0.106734 0.007276 -0.994261] 
fr 8884
ts 33177.534132
6d 1 [12 1.000][-1947.116 -44.668 738.447 -179.0646 4.8242 101.7921][-0.203637 -0.978485 -0.033164 -0.975428 0.205677 -0.078977 0.084099 0.016267 -0.996325] 
fr 8885
ts 33177.550811
6d 1 [12 1.000][-1943.758 -46.375 734.820 -178.4125 3.2387 102.0981][-0.209251 -0.977087 -0.038924 -0.976229 0.211036 -0.049413 0.056495 0.027659 -0.998020] 
fr 8886
ts 33177.567472
6d 1 [12 1.000][-1941.561 -50.341 730.024 -177.0443 1.9947 102.6871][-0.219493 -0.973892 -0.057940 -0.974993 0.221085 -0.022587 0.034807 0.051533 -0.998065] 
fr 8887
ts 33177.584143
6d 1 [12 1.000][-1939.812 -56.469 724.858 -175.2757 1.1213 103.0656][-0.226023 -0.970438 -0.084638 -0.973925 0.226868 -0.000378 0.019568 0.082346 -0.996412] 
fr 8888
ts 33177.600805
6d 1 [12 1.000][-1938.835 -62.397 719.979 -173.8249 0.4635 103.2446][-0.229101 -0.967554 -0.106550 -0.973369 0.228626 0.016815 0.008090 0.107564 -0.994165] 
fr 8889
ts 33177.617471
6d 1 [12 1.000][-1939.798 -67.234 715.778 -172.7683 0.4913 103.4924][-0.233307 -0.964414 -0.124392 -0.972365 0.232510 0.021099 0.008575 0.125877 -0.992009] 
fr 8890
ts 33177.634132
6d 1 [12 1.000][-1940.249 -71.206 713.169 -172.0514 0.4565 103.4555][-0.232682 -0.962951 -0.136325 -0.972520 0.231526 0.024503 0.007967 0.138280 -0.990361] 
fr 8891
ts 33177.650786
6d 1 [12 1.000][-1940.140 -74.545 711.733 -171.3946 0.2880 103.3640][-0.231134 -0.961795 -0.146725 -0.972909 0.229267 0.029750 0.005026 0.149626 -0.988730] 
fr 8892
ts 33177.667451
6d 1 [12 1.000][-1940.538 -77.079 711.140 -170.9252 0.3135 103.3314][-0.230580 -0.960674 -0.154720 -0.973038 0.228537 0.031111 0.005472 0.157722 -0.987468] 
fr 8893
ts 33177.684102
6d 1 [12 1.000][-1941.092 -78.569 710.815 -170.6188 0.5037 103.3641][-0.231129 -0.959577 -0.160593 -0.972883 0.229441 0.029238 0.008791 0.162996 -0.986588] 
fr 8894
ts 33177.700764
6d 1 [12 1.000][-1941.428 -79.076 710.854 -170.5785 0.6343 103.4349][-0.232326 -0.959093 -0.161754 -0.972575 0.230969 0.027411 0.011071 0.163686 -0.986450] 
fr 8895
ts 33177.717408
6d 1 [12 1.000][-1941.241 -78.661 711.361 -170.7483 0.4876 103.5954][-0.235056 -0.959014 -0.158240 -0.971945 0.233336 0.029628 0.008509 0.160765 -0.986956] 
fr 8896
ts 33177.734068
6d 1 [12 1.000][-1941.022 -76.966 712.393 -171.2200 0.3062 103.8184][-0.238842 -0.959484 -0.149484 -0.971044 0.236839 0.031328 0.005345 0.152638 -0.988268] 
fr 8897
ts 33177.750759
6d 1 [12 1.000][-1940.831 -74.010 713.636 -171.8908 0.2292 104.0295][-0.242419 -0.960333 -0.137813 -0.970163 0.240545 0.030353 0.004001 0.141060 -0.989993] 
fr 8898
ts 33177.767420
6d 1 [12 1.000][-1940.899 -71.029 715.276 -172.5517 0.2650 104.2949][-0.246910 -0.960713 -0.126750 -0.969027 0.245411 0.027563 0.004625 0.129630 -0.991552] 
fr 8899
ts 33177.784099
6d 1 [12 1.000][-1941.052 -69.415 716.318 -172.7378 0.2638 104.5788][-0.251709 -0.959892 -0.123490 -0.967792 0.250256 0.027399 0.004604 0.126409 -0.991967] 
fr 8900
ts 33177.800763
6d 1 [12 1.000][-1940.551 -68.540 717.265 -172.8661 -0.0206 104.7245][-0.254172 -0.959683 -0.120019 -0.967159 0.252161 0.031911 -0.000360 0.124189 -0.992259] 
fr 8901
ts 33177.817439
6d 1 [12 1.000][-1940.129 -68.391 717.358 -172.9299 -0.0848 104.6924][-0.253629 -0.959993 -0.118686 -0.967300 0.251525 0.032638 -0.001480 0.123083 -0.992395] 
fr 8902
ts 33177.834101
6d 1 [12 1.000][-1940.171 -69.152 716.575 -172.7375 -0.0006 104.6207][-0.252419 -0.959856 -0.122319 -0.967618 0.250392 0.031919 -0.000010 0.126415 -0.991977] 
fr 8903
ts 33177.850767
6d 1 [12 1.000][-1940.741 -69.953 715.763 -172.5774 0.2407 104.5268][-0.250830 -0.959783 -0.126101 -0.968022 0.249256 0.028372 0.004201 0.129185 -0.991612] 
fr 8904
ts 33177.867431
6d 1 [12 1.000][-1941.441 -70.485 715.198 -172.5259 0.4704 104.4248][-0.249101 -0.959981 -0.128005 -0.968443 0.248027 0.024520 0.008210 0.130074 -0.991470] 
fr 8905
ts 33177.884092
6d 1 [12 1.000][-1941.808 -70.712 714.943 -172.4915 0.5743 104.3860][-0.248441 -0.960013 -0.129045 -0.968595 0.247592 0.022841 0.010022 0.130667 -0.991376] 
fr 8906
ts 33177.900753
6d 1 [12 1.000][-1941.661 -70.402 715.129 -172.5280 0.5514 104.4521][-0.249560 -0.959821 -0.128308 -0.968312 0.248664 0.023215 0.009623 0.130036 -0.991463] 
fr 8907
ts 33177.917408
6d 1 [12 1.000][-1941.156 -69.946 715.585 -172.5960 0.3902 104.4884][-0.250178 -0.959906 -0.126456 -0.968176 0.248948 0.025701 0.006810 0.128862 -0.991639] 
fr 8908
ts 33177.934069
6d 1 [12 1.000][-1940.883 -69.540 715.911 -172.6601 0.3319 104.5394][-0.251042 -0.959858 -0.125106 -0.967959 0.249705 0.026510 0.005793 0.127752 -0.991789] 
fr 8909
ts 33177.950717
6d 1 [12 1.000][-1940.858 -69.430 716.006 -172.6574 0.2940 104.5576][-0.251349 -0.959794 -0.124978 -0.967883 0.249926 0.027197 0.005131 0.127800 -0.991787] 
fr 8910
ts 33177.967378
6d 1 [12 1.000][-1941.033 -69.511 715.905 -172.6599 0.3360 104.5150][-0.250629 -0.959961 -0.125138 -0.968065 0.249305 0.026390 0.005864 0.127756 -0.991788] 
fr 8911
ts 33177.984068
6d 1 [12 1.000][-1941.220 -69.657 715.600 -172.6137 0.4089 104.4897][-0.250200 -0.959929 -0.126240 -0.968168 0.249019 0.025313 0.007137 0.128554 -0.991677] 
fr 8912
ts 33178.000733
6d 1 [12 1.000][-1941.275 -69.866 715.483 -172.5829 0.4172 104.4627][-0.249742 -0.959974 -0.126805 -0.968285 0.248570 0.025248 0.007282 0.129089 -0.991606] 
fr 8913
ts 33178.017418
6d 1 [12 1.000][-1941.262 -69.902 715.573 -172.6029 0.4133 104.4651][-0.249784 -0.960009 -0.126450 -0.968275 0.248611 0.025232 0.007214 0.128741 -0.991652] 
fr 8914
ts 33178.034080
6d 1 [12 1.000][-1941.228 -69.720 715.630 -172.6088 0.4246 104.4779][-0.249999 -0.959961 -0.126395 -0.968218 0.248852 0.025045 0.007411 0.128639 -0.991664] 
fr 8915
ts 33178.050759
6d 1 [12 1.000][-1941.082 -69.597 715.705 -172.6131 0.4018 104.4871][-0.250156 -0.959943 -0.126220 -0.968180 0.248959 0.025430 0.007013 0.128566 -0.991676] 
fr 8916
ts 33178.067420
6d 1 [12 1.000][-1941.072 -69.568 715.758 -172.6201 0.3378 104.4946][-0.250284 -0.959962 -0.125823 -0.968155 0.248948 0.026489 0.005895 0.128446 -0.991699] 
fr 8917
ts 33178.084091
6d 1 [12 1.000][-1941.105 -69.619 715.698 -172.6156 0.3511 104.4962][-0.250311 -0.959937 -0.125956 -0.968146 0.249002 0.026288 0.006129 0.128524 -0.991687] 
fr 8918
ts 33178.100754
6d 1 [12 1.000][-1941.213 -69.719 715.650 -172.6162 0.3820 104.4937][-0.250269 -0.959932 -0.126079 -0.968153 0.249028 0.025763 0.006667 0.128512 -0.991686] 
fr 8919
ts 33178.117419
6d 1 [12 1.000][-1941.268 -69.780 715.577 -172.6062 0.3961 104.4837][-0.250099 -0.959945 -0.126314 -0.968195 0.248887 0.025547 0.006914 0.128686 -0.991661] 
fr 8920
ts 33178.134080
6d 1 [12 1.000][-1941.262 -69.751 715.596 -172.6029 0.4070 104.4739][-0.249933 -0.959975 -0.126420 -0.968237 0.248745 0.025358 0.007103 0.128742 -0.991653] 
fr 8921
ts 33178.150738
6d 1 [12 1.000][-1941.183 -69.677 715.718 -172.6172 0.4135 104.4655][-0.249790 -0.960039 -0.126211 -0.968273 0.248623 0.025168 0.007217 0.128494 -0.991684] 
fr 8922
ts 33178.167399
6d 1 [12 1.000][-1941.165 -69.632 715.807 -172.6297 0.4094 104.4663][-0.249804 -0.960066 -0.125984 -0.968270 0.248634 0.025184 0.007146 0.128277 -0.991713] 
fr 8923
ts 33178.184046
6d 1 [12 1.000][-1941.128 -69.583 715.755 -172.6378 0.4053 104.5031][-0.250426 -0.959926 -0.125815 -0.968110 0.249245 0.025299 0.007074 0.128138 -0.991731] 
fr 8924
ts 33178.200713
6d 1 [12 1.000][-1941.156 -69.639 715.705 -172.6359 0.3984 104.4997][-0.250368 -0.959940 -0.125818 -0.968126 0.249172 0.025415 0.006954 0.128170 -0.991728] 
fr 8925
ts 33178.217356
6d 1 [12 1.000][-1941.187 -69.682 715.597 -172.6236 0.4099 104.4959][-0.250305 -0.959923 -0.126076 -0.968141 0.249129 0.025268 0.007154 0.128383 -0.991699] 
fr 8926
ts 33178.234018
6d 1 [12 1.000][-1941.262 -69.744 715.609 -172.6203 0.4203 104.4938][-0.250269 -0.959919 -0.126177 -0.968149 0.249114 0.025104 0.007335 0.128441 -0.991690] 
fr 8927
ts 33178.250704
6d 1 [12 1.000][-1941.228 -69.701 715.634 -172.6240 0.4264 104.4972][-0.250326 -0.959909 -0.126140 -0.968133 0.249187 0.024992 0.007442 0.128377 -0.991698] 
fr 8928
ts 33178.267369
6d 1 [12 1.000][-1941.197 -69.682 715.657 -172.6251 0.4164 104.5009][-0.250389 -0.959901 -0.126077 -0.968118 0.249227 0.025163 0.007267 0.128358 -0.991701] 
fr 8929
ts 33178.284051
6d 1 [12 1.000][-1941.121 -69.665 715.672 -172.5923 0.3904 104.5014][-0.250397 -0.959841 -0.126514 -0.968119 0.249164 0.025743 0.006813 0.128926 -0.991631] 
fr 8930
ts 33178.300712
6d 1 [12 1.000][-1941.097 -69.696 715.768 -172.6337 0.3879 104.5021][-0.250410 -0.959931 -0.125809 -0.968116 0.249189 0.025606 0.006770 0.128210 -0.991724] 
fr 8931
ts 33178.317388
6d 1 [12 1.000][-1941.178 -69.792 715.701 -172.6354 0.3793 104.4997][-0.250369 -0.959950 -0.125745 -0.968128 0.249131 0.025738 0.006620 0.128181 -0.991729] 
fr 8932
ts 33178.334049
6d 1 [12 1.000][-1941.187 -69.864 715.696 -172.6408 0.3760 104.4837][-0.250099 -0.960033 -0.125646 -0.968198 0.248858 0.025734 0.006563 0.128086 -0.991741] 
fr 8933
ts 33178.350718
6d 1 [12 1.000][-1941.194 -69.976 715.706 -172.6353 0.3637 104.4851][-0.250123 -0.960022 -0.125684 -0.968193 0.248852 0.025968 0.006347 0.128181 -0.991730] 
fr 8934
ts 33178.367379
6d 1 [12 1.000][-1941.195 -69.947 715.698 -172.6278 0.3561 104.4875][-0.250163 -0.959999 -0.125776 -0.968184 0.248872 0.026133 0.006215 0.128312 -0.991714] 
fr 8935
ts 33178.384041
6d 1 [12 1.000][-1941.200 -69.855 715.689 -172.6262 0.3554 104.4936][-0.250266 -0.959970 -0.125797 -0.968157 0.248972 0.026165 0.006202 0.128339 -0.991711] 
fr 8936
ts 33178.400703
6d 1 [12 1.000][-1941.209 -69.870 715.692 -172.6276 0.3917 104.4973][-0.250328 -0.959936 -0.125930 -0.968137 0.249114 0.025559 0.006836 0.128315 -0.991710] 
fr 8937
ts 33178.417354
6d 1 [12 1.000][-1941.216 -69.925 715.711 -172.6345 0.3986 104.4981][-0.250343 -0.959944 -0.125844 -0.968132 0.249146 0.025414 0.006957 0.128196 -0.991724] 
fr 8938
ts 33178.434019
6d 1 [12 1.000][-1941.247 -69.867 715.672 -172.6282 0.4137 104.5032][-0.250428 -0.959899 -0.126012 -0.968108 0.249261 0.025199 0.007221 0.128304 -0.991709] 
fr 8939
ts 33178.450667
6d 1 [12 1.000][-1941.263 -69.892 715.613 -172.6271 0.4243 104.5030][-0.250424 -0.959892 -0.126076 -0.968108 0.249280 0.025027 0.007405 0.128323 -0.991705] 
fr 8940
ts 33178.467328
6d 1 [12 1.000][-1941.251 -69.855 715.656 -172.6258 0.4108 104.5050][-0.250457 -0.959888 -0.126039 -0.968101 0.249283 0.025263 0.007170 0.128346 -0.991704] 
fr 8941
ts 33178.484022
6d 1 [12 1.000][-1941.241 -69.887 715.714 -172.6362 0.3978 104.5080][-0.250509 -0.959905 -0.125807 -0.968089 0.249310 0.025442 0.006943 0.128165 -0.991728] 
fr 8942
ts 33178.500684
6d 1 [12 1.000][-1941.238 -69.871 715.681 -172.6392 0.4046 104.5086][-0.250519 -0.959905 -0.125786 -0.968086 0.249337 0.025316 0.007062 0.128113 -0.991734] 
fr 8943
ts 33178.517365
6d 1 [12 1.000][-1941.252 -69.885 715.684 -172.6279 0.3973 104.5091][-0.250527 -0.959883 -0.125943 -0.968085 0.249323 0.025489 0.006934 0.128309 -0.991710] 
fr 8944
ts 33178.534030
6d 1 [12 1.000][-1941.269 -69.886 715.675 -172.6288 0.4044 104.5123][-0.250582 -0.959866 -0.125958 -0.968070 0.249394 0.025373 0.007059 0.128294 -0.991711] 
fr 8945
ts 33178.550709
6d 1 [12 1.000][-1941.259 -69.891 715.641 -172.6263 0.4089 104.5143][-0.250615 -0.959850 -0.126018 -0.968061 0.249436 0.025312 0.007137 0.128337 -0.991705] 
fr 8946
ts 33178.567371
6d 1 [12 1.000][-1941.263 -69.899 715.642 -172.6295 0.4120 104.5131][-0.250595 -0.959860 -0.125979 -0.968065 0.249424 0.025244 0.007191 0.128282 -0.991712] 
fr 8947
ts 33178.584042
6d 1 [12 1.000][-1941.271 -69.885 715.655 -172.6339 0.4113 104.5150][-0.250626 -0.959862 -0.125900 -0.968057 0.249455 0.025241 0.007179 0.128205 -0.991722] 
fr 8948
ts 33178.600705
6d 1 [12 1.000][-1941.266 -69.893 715.651 -172.6349 0.4079 104.5121][-0.250578 -0.959879 -0.125871 -0.968070 0.249400 0.025287 0.007120 0.128188 -0.991724] 
fr 8949
ts 33178.617369
6d 1 [12 1.000][-1941.274 -69.901 715.648 -172.6334 0.4078 104.5128][-0.250589 -0.959873 -0.125896 -0.968067 0.249411 0.025297 0.007118 0.128215 -0.991721] 
fr 8950
ts 33178.634031
6d 1 [12 1.000][-1941.240 -69.907 715.651 -172.6350 0.4063 104.5093][-0.250531 -0.959892 -0.125863 -0.968083 0.249350 0.025308 0.007091 0.128186 -0.991725] 
fr 8951
ts 33178.650689
6d 1 [12 1.000][-1941.272 -69.907 715.642 -172.6345 0.4087 104.5115][-0.250567 -0.959880 -0.125880 -0.968073 0.249392 0.025274 0.007133 0.128194 -0.991723] 
fr 8952
ts 33178.667351
6d 1 [12 1.000][-1941.272 -69.907 715.642 -172.6345 0.4087 104.5115][-0.250567 -0.959880 -0.125880 -0.968073 0.249392 0.025274 0.007133 0.128194 -0.991723] 
fr 8953
ts 33178.684002
6d 1 [12 1.000][-1941.272 -69.907 715.642 -172.6345 0.4087 104.5115][-0.250567 -0.959880 -0.125880 -0.968073 0.249392 0.025274 0.007133 0.128194 -0.991723] 
fr 8954
ts 33178.700664
6d 1 [12 1.000][-1941.272 -69.907 715.642 -172.6345 0.4087 104.5115][-0.250567 -0.959880 -0.125880 -0.968073 0.249392 0.025274 0.007133 0.128194 -0.991723] 
fr 8955
ts 33178.717307
6d 1 [12 1.000][-1941.272 -69.907 715.642 -172.6345 0.4087 104.5115][-0.250567 -0.959880 -0.125880 -0.968073 0.249392 0.025274 0.007133 0.128194 -0.991723] 
fr 8956
ts 33178.733967
6d 1 [12 1.000][-1941.272 -69.907 715.642 -172.6345 0.4087 104.5115][-0.250567 -0.959880 -0.125880 -0.968073 0.249392 0.025274 0.007133 0.128194 -0.991723] 
fr 8957
ts 33178.750655
6d 1 [12 1.000][-1941.272 -69.907 715.642 -172.6345 0.4087 104.5115][-0.250567 -0.959880 -0.125880 -0.968073 0.249392 0.025274 0.007133 0.128194 -0.991723] 
fr 8958
ts 33178.767320
6d 1 [12 1.000][-1941.272 -69.907 715.642 -172.6345 0.4087 104.5115][-0.250567 -0.959880 -0.125880 -0.968073 0.249392 0.025274 0.007133 0.128194 -0.991723] 
fr 8959
ts 33178.784001
6d 1 [12 1.000][-1941.267 -69.973 715.608 -172.6332 0.4082 104.5111][-0.250562 -0.959879 -0.125901 -0.968074 0.249384 0.025287 0.007125 0.128217 -0.991721] 
fr 8960
ts 33178.800665
6d 1 [12 1.000][-1941.267 -69.938 715.610 -172.6211 0.4080 104.5084][-0.250515 -0.959865 -0.126104 -0.968087 0.249332 0.025339 0.007120 0.128427 -0.991693] 
fr 8961
ts 33178.817340
6d 1 [12 1.000][-1941.267 -69.938 715.610 -172.6211 0.4080 104.5084][-0.250515 -0.959865 -0.126104 -0.968087 0.249332 0.025339 0.007120 0.128427 -0.991693] 
fr 8962
ts 33178.834002
6d 1 [12 1.000][-1941.267 -69.938 715.610 -172.6211 0.4080 104.5084][-0.250515 -0.959865 -0.126104 -0.968087 0.249332 0.025339 0.007120 0.128427 -0.991693] 
fr 8963
ts 33178.850667
6d 1 [12 1.000][-1941.267 -69.938 715.610 -172.6211 0.4080 104.5084][-0.250515 -0.959865 -0.126104 -0.968087 0.249332 0.025339 0.007120 0.128427 -0.991693] 
fr 8964
ts 33178.867331
6d 1 [12 1.000][-1941.267 -69.938 715.610 -172.6211 0.4080 104.5084][-0.250515 -0.959865 -0.126104 -0.968087 0.249332 0.025339 0.007120 0.128427 -0.991693] 
fr 8965
ts 33178.883993
6d 1 [12 1.000][-1941.283 -69.820 715.593 -172.6210 0.4090 104.5084][-0.250515 -0.959864 -0.126111 -0.968086 0.249335 0.025321 0.007139 0.128430 -0.991693] 
fr 8966
ts 33178.900655
6d 1 [12 1.000][-1941.282 -69.816 715.592 -172.6205 0.4101 104.5086][-0.250518 -0.959861 -0.126123 -0.968085 0.249340 0.025306 0.007158 0.128438 -0.991692] 
fr 8967
ts 33178.917310
6d 1 [12 1.000][-1941.283 -69.795 715.586 -172.6190 0.4116 104.5082][-0.250512 -0.959859 -0.126155 -0.968087 0.249336 0.025286 0.007183 0.128463 -0.991688] 
fr 8968
ts 33178.933971
6d 1 [12 1.000][-1941.272 -69.793 715.624 -172.6191 0.4094 104.5066][-0.250485 -0.959867 -0.126145 -0.968094 0.249304 0.025320 0.007145 0.128462 -0.991689] 
fr 8969
ts 33178.950619
6d 1 [12 1.000][-1941.267 -69.764 715.619 -172.6173 0.4072 104.5058][-0.250471 -0.959868 -0.126165 -0.968098 0.249285 0.025361 0.007108 0.128492 -0.991685] 
fr 8970
ts 33178.967282
6d 1 [12 1.000][-1941.269 -69.742 715.610 -172.6152 0.4062 104.5072][-0.250495 -0.959858 -0.126196 -0.968092 0.249305 0.025391 0.007090 0.128529 -0.991680] 
fr 8971
ts 33178.983922
6d 1 [12 1.000][-1941.259 -69.763 715.636 -172.6170 0.4052 104.5046][-0.250451 -0.959874 -0.126162 -0.968103 0.249261 0.025395 0.007072 0.128498 -0.991685] 
fr 8972
ts 33179.000584
6d 1 [12 1.000][-1941.258 -69.838 715.651 -172.6184 0.4045 104.5038][-0.250438 -0.959881 -0.126137 -0.968107 0.249246 0.025398 0.007060 0.128474 -0.991688] 
fr 8973
ts 33179.017260
6d 1 [12 1.000][-1941.262 -69.830 715.623 -172.6144 0.4041 104.5037][-0.250436 -0.959872 -0.126201 -0.968108 0.249242 0.025422 0.007053 0.128543 -0.991679] 
fr 8974
ts 33179.033930
6d 1 [12 1.000][-1941.262 -69.830 715.623 -172.6144 0.4041 104.5037][-0.250436 -0.959872 -0.126201 -0.968108 0.249242 0.025422 0.007053 0.128543 -0.991679] 
fr 8975
ts 33179.050611
6d 1 [12 1.000][-1941.281 -69.776 715.580 -172.6143 0.4048 104.5041][-0.250442 -0.959870 -0.126205 -0.968106 0.249250 0.025412 0.007065 0.128544 -0.991679] 
fr 8976
ts 33179.067273
6d 1 [12 1.000][-1941.275 -69.794 715.617 -172.6148 0.4042 104.5047][-0.250453 -0.959869 -0.126195 -0.968103 0.249260 0.025420 0.007055 0.128536 -0.991680] 
fr 8977
ts 33179.083944
6d 1 [12 1.000][-1941.270 -69.760 715.614 -172.6153 0.4048 104.5068][-0.250488 -0.959861 -0.126187 -0.968094 0.249296 0.025413 0.007065 0.128527 -0.991681] 
fr 8978
ts 33179.100606
6d 1 [12 1.000][-1941.270 -69.760 715.614 -172.6153 0.4048 104.5068][-0.250488 -0.959861 -0.126187 -0.968094 0.249296 0.025413 0.007065 0.128527 -0.991681] 
fr 8979
ts 33179.117271
6d 1 [12 1.000][-1941.273 -69.792 715.595 -172.6153 0.4042 104.5073][-0.250497 -0.959859 -0.126185 -0.968092 0.249303 0.025424 0.007054 0.128528 -0.991681] 
fr 8980
ts 33179.133933
6d 1 [12 1.000][-1941.268 -69.768 715.596 -172.6167 0.3989 104.5104][-0.250549 -0.959851 -0.126138 -0.968079 0.249344 0.025515 0.006961 0.128504 -0.991685] 
fr 8981
ts 33179.150591
6d 1 [12 1.000][-1941.268 -69.768 715.596 -172.6167 0.3989 104.5104][-0.250549 -0.959851 -0.126138 -0.968079 0.249344 0.025515 0.006961 0.128504 -0.991685] 
fr 8982
ts 33179.167253
6d 1 [12 1.000][-1941.268 -69.768 715.596 -172.6167 0.3989 104.5104][-0.250549 -0.959851 -0.126138 -0.968079 0.249344 0.025515 0.006961 0.128504 -0.991685] 
fr 8983
ts 33179.183900
6d 1 [12 1.000][-1941.268 -69.768 715.596 -172.6167 0.3989 104.5104][-0.250549 -0.959851 -0.126138 -0.968079 0.249344 0.025515 0.006961 0.128504 -0.991685] 
fr 8984
ts 33179.200567
6d 1 [12 1.000][-1941.268 -69.768 715.596 -172.6167 0.3989 104.5104][-0.250549 -0.959851 -0.126138 -0.968079 0.249344 0.025515 0.006961 0.128504 -0.991685] 
fr 8985
ts 33179.217211
6d 1 [12 1.000][-1941.268 -69.768 715.596 -172.6167 0.3989 104.5104][-0.250549 -0.959851 -0.126138 -0.968079 0.249344 0.025515 0.006961 0.128504 -0.991685] 
fr 8986
ts 33179.233873
6d 1 [12 1.000][-1941.268 -69.768 715.596 -172.6167 0.3989 104.5104][-0.250549 -0.959851 -0.126138 -0.968079 0.249344 0.025515 0.006961 0.128504 -0.991685] 
fr 8987
ts 33179.250559
6d 1 [12 1.000][-1941.268 -69.768 715.596 -172.6167 0.3989 104.5104][-0.250549 -0.959851 -0.126138 -0.968079 0.249344 0.025515 0.006961 0.128504 -0.991685] 
fr 8988
ts 33179.267224
6d 1 [12 1.000][-1941.268 -69.768 715.596 -172.6167 0.3989 104.5104][-0.250549 -0.959851 -0.126138 -0.968079 0.249344 0.025515 0.006961 0.128504 -0.991685] 
fr 8989
ts 33179.283903
6d 1 [12 1.000][-1941.268 -69.768 715.596 -172.6167 0.3989 104.5104][-0.250549 -0.959851 -0.126138 -0.968079 0.249344 0.025515 0.006961 0.128504 -0.991685] 
fr 8990
ts 33179.300567
6d 1 [12 1.000][-1941.268 -69.768 715.596 -172.6167 0.3989 104.5104][-0.250549 -0.959851 -0.126138 -0.968079 0.249344 0.025515 0.006961 0.128504 -0.991685] 
fr 8991
ts 33179.317244
6d 1 [12 1.000][-1941.268 -69.768 715.596 -172.6167 0.3989 104.5104][-0.250549 -0.959851 -0.126138 -0.968079 0.249344 0.025515 0.006961 0.128504 -0.991685] 
fr 8992
ts 33179.333905
6d 1 [12 1.000][-1941.268 -69.768 715.596 -172.6167 0.3989 104.5104][-0.250549 -0.959851 -0.126138 -0.968079 0.249344 0.025515 0.006961 0.128504 -0.991685] 
fr 8993
ts 33179.350573
6d 1 [12 1.000][-1941.268 -69.768 715.596 -172.6167 0.3989 104.5104][-0.250549 -0.959851 -0.126138 -0.968079 0.249344 0.025515 0.006961 0.128504 -0.991685] 
fr 8994
ts 33179.367236
6d 1 [12 1.000][-1941.268 -69.768 715.596 -172.6167 0.3989 104.5104][-0.250549 -0.959851 -0.126138 -0.968079 0.249344 0.025515 0.006961 0.128504 -0.991685] 
fr 8995
ts 33179.383898
6d 1 [12 1.000][-1941.268 -69.768 715.596 -172.6167 0.3989 104.5104][-0.250549 -0.959851 -0.126138 -0.968079 0.249344 0.025515 0.006961 0.128504 -0.991685] 
fr 8996
ts 33179.400561
6d 1 [12 1.000][-1941.268 -69.768 715.596 -172.6167 0.3989 104.5104][-0.250549 -0.959851 -0.126138 -0.968079 0.249344 0.025515 0.006961 0.128504 -0.991685] 
fr 8997
ts 33179.417214
6d 1 [12 1.000][-1941.268 -69.768 715.596 -172.6167 0.3989 104.5104][-0.250549 -0.959851 -0.126138 -0.968079 0.249344 0.025515 0.006961 0.128504 -0.991685] 
fr 8998
ts 33179.433876
6d 1 [12 1.000][-1941.268 -69.768 715.596 -172.6167 0.3989 104.5104][-0.250549 -0.959851 -0.126138 -0.968079 0.249344 0.025515 0.006961 0.128504 -0.991685] 
fr 8999
ts 33179.450524
6d 1 [12 1.000][-1941.268 -69.768 715.596 -172.6167 0.3989 104.5104][-0.250549 -0.959851 -0.126138 -0.968079 0.249344 0.025515 0.006961 0.128504 -0.991685] 
fr 9000
ts 33179.467186
6d 1 [12 1.000][-1941.268 -69.768 715.596 -172.6167 0.3989 104.5104][-0.250549 -0.959851 -0.126138 -0.968079 0.249344 0.025515 0.006961 0.128504 -0.991685] 
fr 9001
ts 33179.483827
6d 1 [12 1.000][-1941.268 -69.768 715.596 -172.6167 0.3989 104.5104][-0.250549 -0.959851 -0.126138 -0.968079 0.249344 0.025515 0.006961 0.128504 -0.991685] 
fr 9002
ts 33179.500489
6d 1 [12 1.000][-1941.268 -69.768 715.596 -172.6167 0.3989 104.5104][-0.250549 -0.959851 -0.126138 -0.968079 0.249344 0.025515 0.006961 0.128504 -0.991685] 
fr 9003
ts 33179.517171
6d 1 [12 1.000][-1941.268 -69.768 715.596 -172.6167 0.3989 104.5104][-0.250549 -0.959851 -0.126138 -0.968079 0.249344 0.025515 0.006961 0.128504 -0.991685] 
fr 9004
ts 33179.533838
6d 1 [12 1.000][-1941.268 -69.768 715.596 -172.6167 0.3989 104.5104][-0.250549 -0.959851 -0.126138 -0.968079 0.249344 0.025515 0.006961 0.128504 -0.991685] 
fr 9005
ts 33179.550517
6d 1 [12 1.000][-1941.268 -69.768 715.596 -172.6167 0.3989 104.5104][-0.250549 -0.959851 -0.126138 -0.968079 0.249344 0.025515 0.006961 0.128504 -0.991685] 
fr 9006
ts 33179.567178
6d 1 [12 1.000][-1941.268 -69.768 715.596 -172.6167 0.3989 104.5104][-0.250549 -0.959851 -0.126138 -0.968079 0.249344 0.025515 0.006961 0.128504 -0.991685] 
fr 9007
ts 33179.583851
6d 1 [12 1.000][-1941.273 -69.899 715.534 -172.6168 0.4005 104.5098][-0.250539 -0.959853 -0.126144 -0.968081 0.249338 0.025485 0.006990 0.128502 -0.991685] 
fr 9008
ts 33179.600512
6d 1 [12 1.000][-1941.277 -69.844 715.532 -172.6181 0.4194 104.5050][-0.250458 -0.959866 -0.126205 -0.968100 0.249300 0.025153 0.007319 0.128479 -0.991685] 
fr 9009
ts 33179.617178
6d 1 [12 1.000][-1941.277 -69.844 715.532 -172.6181 0.4194 104.5050][-0.250458 -0.959866 -0.126205 -0.968100 0.249300 0.025153 0.007319 0.128479 -0.991685] 
fr 9010
ts 33179.633840
6d 1 [12 1.000][-1941.277 -69.844 715.532 -172.6181 0.4194 104.5050][-0.250458 -0.959866 -0.126205 -0.968100 0.249300 0.025153 0.007319 0.128479 -0.991685] 
fr 9011
ts 33179.650498
6d 1 [12 1.000][-1941.277 -69.844 715.532 -172.6181 0.4194 104.5050][-0.250458 -0.959866 -0.126205 -0.968100 0.249300 0.025153 0.007319 0.128479 -0.991685] 
fr 9012
ts 33179.667160
6d 1 [12 1.000][-1941.277 -69.844 715.532 -172.6181 0.4194 104.5050][-0.250458 -0.959866 -0.126205 -0.968100 0.249300 0.025153 0.007319 0.128479 -0.991685] 
fr 9013
ts 33179.683812
6d 1 [12 1.000][-1941.277 -69.844 715.532 -172.6181 0.4194 104.5050][-0.250458 -0.959866 -0.126205 -0.968100 0.249300 0.025153 0.007319 0.128479 -0.991685] 
fr 9014
ts 33179.700473
6d 1 [12 1.000][-1941.277 -69.844 715.532 -172.6181 0.4194 104.5050][-0.250458 -0.959866 -0.126205 -0.968100 0.249300 0.025153 0.007319 0.128479 -0.991685] 
fr 9015
ts 33179.717118
6d 1 [12 1.000][-1941.277 -69.844 715.532 -172.6181 0.4194 104.5050][-0.250458 -0.959866 -0.126205 -0.968100 0.249300 0.025153 0.007319 0.128479 -0.991685] 
fr 9016
ts 33179.733779
6d 1 [12 1.000][-1941.277 -69.844 715.532 -172.6181 0.4194 104.5050][-0.250458 -0.959866 -0.126205 -0.968100 0.249300 0.025153 0.007319 0.128479 -0.991685] 
fr 9017
ts 33179.750467
6d 1 [12 1.000][-1941.277 -69.844 715.532 -172.6181 0.4194 104.5050][-0.250458 -0.959866 -0.126205 -0.968100 0.249300 0.025153 0.007319 0.128479 -0.991685] 
fr 9018
ts 33179.767132
6d 1 [12 1.000][-1941.277 -69.844 715.532 -172.6181 0.4194 104.5050][-0.250458 -0.959866 -0.126205 -0.968100 0.249300 0.025153 0.007319 0.128479 -0.991685] 
fr 9019
ts 33179.783815
6d 1 [12 1.000][-1941.277 -69.844 715.532 -172.6181 0.4194 104.5050][-0.250458 -0.959866 -0.126205 -0.968100 0.249300 0.025153 0.007319 0.128479 -0.991685] 
fr 9020
ts 33179.800477
6d 1 [12 1.000][-1941.277 -69.844 715.532 -172.6181 0.4194 104.5050][-0.250458 -0.959866 -0.126205 -0.968100 0.249300 0.025153 0.007319 0.128479 -0.991685] 
fr 9021
ts 33179.817153
6d 1 [12 1.000][-1941.277 -69.844 715.532 -172.6181 0.4194 104.5050][-0.250458 -0.959866 -0.126205 -0.968100 0.249300 0.025153 0.007319 0.128479 -0.991685] 
fr 9022
ts 33179.833814
6d 1 [12 1.000][-1941.277 -69.844 715.532 -172.6181 0.4194 104.5050][-0.250458 -0.959866 -0.126205 -0.968100 0.249300 0.025153 0.007319 0.128479 -0.991685] 
fr 9023
ts 33179.850479
6d 1 [12 1.000][-1941.277 -69.844 715.532 -172.6181 0.4194 104.5050][-0.250458 -0.959866 -0.126205 -0.968100 0.249300 0.025153 0.007319 0.128479 -0.991685] 
fr 9024
ts 33179.867145
6d 1 [12 1.000][-1941.277 -69.844 715.532 -172.6181 0.4194 104.5050][-0.250458 -0.959866 -0.126205 -0.968100 0.249300 0.025153 0.007319 0.128479 -0.991685] 
fr 9025
ts 33179.883806
6d 1 [12 1.000][-1941.277 -69.844 715.532 -172.6181 0.4194 104.5050][-0.250458 -0.959866 -0.126205 -0.968100 0.249300 0.025153 0.007319 0.128479 -0.991685] 
fr 9026
ts 33179.900468
6d 1 [12 1.000][-1941.277 -69.844 715.532 -172.6181 0.4194 104.5050][-0.250458 -0.959866 -0.126205 -0.968100 0.249300 0.025153 0.007319 0.128479 -0.991685] 
fr 9027
ts 33179.917124
6d 1 [12 1.000][-1941.277 -69.844 715.532 -172.6181 0.4194 104.5050][-0.250458 -0.959866 -0.126205 -0.968100 0.249300 0.025153 0.007319 0.128479 -0.991685] 
fr 9028
ts 33179.933786
6d 1 [12 1.000][-1941.277 -69.844 715.532 -172.6181 0.4194 104.5050][-0.250458 -0.959866 -0.126205 -0.968100 0.249300 0.025153 0.007319 0.128479 -0.991685] 
fr 9029
ts 33179.950430
6d 1 [12 1.000][-1941.277 -69.844 715.532 -172.6181 0.4194 104.5050][-0.250458 -0.959866 -0.126205 -0.968100 0.249300 0.025153 0.007319 0.128479 -0.991685] 
fr 9030
ts 33179.967096
6d 1 [12 1.000][-1941.277 -69.844 715.532 -172.6181 0.4194 104.5050][-0.250458 -0.959866 -0.126205 -0.968100 0.249300 0.025153 0.007319 0.128479 -0.991685] 
fr 9031
ts 33179.983738
6d 1 [12 1.000][-1941.277 -69.844 715.532 -172.6181 0.4194 104.5050][-0.250458 -0.959866 -0.126205 -0.968100 0.249300 0.025153 0.007319 0.128479 -0.991685] 
fr 9032
ts 33180.000399
6d 1 [12 1.000][-1941.277 -69.844 715.532 -172.6181 0.4194 104.5050][-0.250458 -0.959866 -0.126205 -0.968100 0.249300 0.025153 0.007319 0.128479 -0.991685] 
fr 9033
ts 33180.017082
6d 1 [12 1.000][-1941.277 -69.844 715.532 -172.6181 0.4194 104.5050][-0.250458 -0.959866 -0.126205 -0.968100 0.249300 0.025153 0.007319 0.128479 -0.991685] 
fr 9034
ts 33180.033747
6d 1 [12 1.000][-1941.277 -69.844 715.532 -172.6181 0.4194 104.5050][-0.250458 -0.959866 -0.126205 -0.968100 0.249300 0.025153 0.007319 0.128479 -0.991685] 
fr 9035
ts 33180.050427
6d 1 [12 1.000][-1941.277 -69.844 715.532 -172.6181 0.4194 104.5050][-0.250458 -0.959866 -0.126205 -0.968100 0.249300 0.025153 0.007319 0.128479 -0.991685] 
fr 9036
ts 33180.067089
6d 1 [12 1.000][-1941.277 -69.844 715.532 -172.6181 0.4194 104.5050][-0.250458 -0.959866 -0.126205 -0.968100 0.249300 0.025153 0.007319 0.128479 -0.991685] 
fr 9037
ts 33180.083758
6d 1 [12 1.000][-1941.277 -69.844 715.532 -172.6181 0.4194 104.5050][-0.250458 -0.959866 -0.126205 -0.968100 0.249300 0.025153 0.007319 0.128479 -0.991685] 
fr 9038
ts 33180.100423
6d 1 [12 1.000][-1941.277 -69.844 715.532 -172.6181 0.4194 104.5050][-0.250458 -0.959866 -0.126205 -0.968100 0.249300 0.025153 0.007319 0.128479 -0.991685] 
fr 9039
ts 33180.117090
6d 1 [12 1.000][-1941.277 -69.844 715.532 -172.6181 0.4194 104.5050][-0.250458 -0.959866 -0.126205 -0.968100 0.249300 0.025153 0.007319 0.128479 -0.991685] 
fr 9040
ts 33180.133751
6d 1 [12 1.000][-1941.277 -69.844 715.532 -172.6181 0.4194 104.5050][-0.250458 -0.959866 -0.126205 -0.968100 0.249300 0.025153 0.007319 0.128479 -0.991685] 
fr 9041
ts 33180.150410
6d 1 [12 1.000][-1941.277 -69.844 715.532 -172.6181 0.4194 104.5050][-0.250458 -0.959866 -0.126205 -0.968100 0.249300 0.025153 0.007319 0.128479 -0.991685] 
fr 9042
ts 33180.167072
6d 1 [12 1.000][-1941.277 -69.844 715.532 -172.6181 0.4194 104.5050][-0.250458 -0.959866 -0.126205 -0.968100 0.249300 0.025153 0.007319 0.128479 -0.991685] 
fr 9043
ts 33180.183724
6d 1 [12 1.000][-1941.268 -69.776 715.509 -172.6184 0.4182 104.5057][-0.250470 -0.959864 -0.126195 -0.968097 0.249309 0.025173 0.007299 0.128474 -0.991686] 
fr 9044
ts 33180.200385
6d 1 [12 1.000][-1941.275 -69.779 715.499 -172.6184 0.4170 104.5072][-0.250494 -0.959859 -0.126189 -0.968091 0.249330 0.025196 0.007278 0.128474 -0.991686] 
fr 9045
ts 33180.217026
6d 1 [12 1.000][-1941.279 -69.805 715.518 -172.6218 0.4130 104.5133][-0.250598 -0.959842 -0.126111 -0.968064 0.249426 0.025262 0.007208 0.128415 -0.991694] 
fr 9046
ts 33180.233692
6d 1 [12 1.000][-1941.279 -69.805 715.518 -172.6218 0.4130 104.5133][-0.250598 -0.959842 -0.126111 -0.968064 0.249426 0.025262 0.007208 0.128415 -0.991694] 
fr 9047
ts 33180.250379
6d 1 [12 1.000][-1941.279 -69.805 715.518 -172.6218 0.4130 104.5133][-0.250598 -0.959842 -0.126111 -0.968064 0.249426 0.025262 0.007208 0.128415 -0.991694] 
fr 9048
ts 33180.267044
6d 1 [12 1.000][-1941.279 -69.805 715.518 -172.6218 0.4130 104.5133][-0.250598 -0.959842 -0.126111 -0.968064 0.249426 0.025262 0.007208 0.128415 -0.991694] 
fr 9049
ts 33180.283727
6d 1 [12 1.000][-1941.279 -69.805 715.518 -172.6218 0.4130 104.5133][-0.250598 -0.959842 -0.126111 -0.968064 0.249426 0.025262 0.007208 0.128415 -0.991694] 
fr 9050
ts 33180.300389
6d 1 [12 1.000][-1941.279 -69.805 715.518 -172.6218 0.4130 104.5133][-0.250598 -0.959842 -0.126111 -0.968064 0.249426 0.025262 0.007208 0.128415 -0.991694] 
fr 9051
ts 33180.317063
6d 1 [12 1.000][-1941.279 -69.805 715.518 -172.6218 0.4130 104.5133][-0.250598 -0.959842 -0.126111 -0.968064 0.249426 0.025262 0.007208 0.128415 -0.991694] 
fr 9052
ts 33180.333727
6d 1 [12 1.000][-1941.279 -69.805 715.518 -172.6218 0.4130 104.5133][-0.250598 -0.959842 -0.126111 -0.968064 0.249426 0.025262 0.007208 0.128415 -0.991694] 
fr 9053
ts 33180.350396
6d 1 [12 1.000][-1941.295 -69.827 715.535 -172.6208 0.4127 104.5136][-0.250603 -0.959838 -0.126127 -0.968063 0.249430 0.025272 0.007203 0.128433 -0.991692] 
fr 9054
ts 33180.367058
6d 1 [12 1.000][-1941.294 -69.823 715.512 -172.6128 0.4105 104.5198][-0.250707 -0.959795 -0.126248 -0.968036 0.249525 0.025357 0.007165 0.128570 -0.991675] 
fr 9055
ts 33180.383721
6d 1 [12 1.000][-1941.294 -69.823 715.512 -172.6128 0.4105 104.5198][-0.250707 -0.959795 -0.126248 -0.968036 0.249525 0.025357 0.007165 0.128570 -0.991675] 
fr 9056
ts 33180.400382
6d 1 [12 1.000][-1941.294 -69.823 715.512 -172.6128 0.4105 104.5198][-0.250707 -0.959795 -0.126248 -0.968036 0.249525 0.025357 0.007165 0.128570 -0.991675] 
fr 9057
ts 33180.417039
6d 1 [12 1.000][-1941.294 -69.823 715.512 -172.6128 0.4105 104.5198][-0.250707 -0.959795 -0.126248 -0.968036 0.249525 0.025357 0.007165 0.128570 -0.991675] 
fr 9058
ts 33180.433700
6d 1 [12 1.000][-1941.294 -69.823 715.512 -172.6128 0.4105 104.5198][-0.250707 -0.959795 -0.126248 -0.968036 0.249525 0.025357 0.007165 0.128570 -0.991675] 
fr 9059
ts 33180.450349
6d 1 [12 1.000][-1941.294 -69.823 715.512 -172.6128 0.4105 104.5198][-0.250707 -0.959795 -0.126248 -0.968036 0.249525 0.025357 0.007165 0.128570 -0.991675] 
