fr 135659
ts 36839.981356
6d 1 [12 1.000][574.879 -352.972 431.107 -3.1415 -7.1774 -36.9692][0.792699 -0.595011 0.132630 0.596673 0.801876 0.031240 -0.124941 0.054372 0.990673] 
3d 0 
fr 135660
ts 36839.998019
6d 1 [12 1.000][574.875 -352.960 431.111 -3.1353 -7.1726 -36.9714][0.792683 -0.595061 0.132498 0.596711 0.801847 0.031283 -0.124858 0.054266 0.990689] 
3d 0 
fr 135661
ts 36840.014662
6d 1 [12 1.000][574.878 -352.863 431.104 -3.1408 -7.1744 -36.9762][0.792630 -0.595113 0.132578 0.596774 0.801801 0.031236 -0.124890 0.054360 0.990680] 
3d 0 
fr 135662
ts 36840.031323
6d 1 [12 1.000][574.870 -352.979 431.101 -3.1445 -7.1598 -36.9754][0.792664 -0.595105 0.132416 0.596782 0.801803 0.031030 -0.124638 0.054427 0.990708] 
3d 0 
fr 135663
ts 36840.048007
6d 1 [12 1.000][574.866 -353.038 431.095 -3.1453 -7.1644 -36.9748][0.792662 -0.595091 0.132487 0.596768 0.801812 0.031066 -0.124717 0.054439 0.990698] 
3d 0 
fr 135664
ts 36840.064674
6d 1 [12 1.000][574.866 -353.072 431.091 -3.1442 -7.1636 -36.9739][0.792673 -0.595081 0.132466 0.596756 0.801821 0.031070 -0.124703 0.054422 0.990700] 
3d 0 
fr 135665
ts 36840.081354
6d 1 [12 1.000][574.875 -352.987 431.053 -3.1465 -7.1763 -36.9751][0.792639 -0.595083 0.132663 0.596756 0.801817 0.031173 -0.124922 0.054458 0.990671] 
3d 0 
fr 135666
ts 36840.098016
6d 1 [12 1.000][574.868 -352.992 431.069 -3.1450 -7.1715 -36.9768][0.792629 -0.595115 0.132582 0.596787 0.801795 0.031149 -0.124840 0.054434 0.990683] 
3d 0 
fr 135667
ts 36840.114685
6d 1 [12 1.000][574.870 -352.977 431.066 -3.1479 -7.1893 -36.9747][0.792620 -0.595065 0.132858 0.596734 0.801829 0.031288 -0.125148 0.054481 0.990641] 
3d 0 
fr 135668
ts 36840.131352
6d 1 [12 1.000][574.870 -352.977 431.066 -3.1479 -7.1893 -36.9747][0.792620 -0.595065 0.132858 0.596734 0.801829 0.031288 -0.125148 0.054481 0.990641] 
3d 0 
fr 135669
ts 36840.148015
6d 1 [12 1.000][574.870 -352.977 431.066 -3.1479 -7.1893 -36.9747][0.792620 -0.595065 0.132858 0.596734 0.801829 0.031288 -0.125148 0.054481 0.990641] 
3d 0 
fr 135670
ts 36840.164680
6d 1 [12 1.000][574.870 -352.977 431.066 -3.1479 -7.1893 -36.9747][0.792620 -0.595065 0.132858 0.596734 0.801829 0.031288 -0.125148 0.054481 0.990641] 
3d 0 
fr 135671
ts 36840.181330
6d 1 [12 1.000][574.870 -352.977 431.066 -3.1479 -7.1893 -36.9747][0.792620 -0.595065 0.132858 0.596734 0.801829 0.031288 -0.125148 0.054481 0.990641] 
3d 0 
fr 135672
ts 36840.198002
6d 1 [12 1.000][574.838 -353.032 431.069 -3.1456 -7.1916 -36.9745][0.792618 -0.595066 0.132866 0.596728 0.801831 0.031343 -0.125188 0.054442 0.990638] 
3d 0 
fr 135673
ts 36840.214654
6d 1 [12 1.000][574.843 -352.998 431.079 -3.1317 -7.2106 -36.9776][0.792553 -0.595126 0.132982 0.596745 0.801802 0.031743 -0.125516 0.054198 0.990610] 
3d 0 
fr 135674
ts 36840.231317
6d 1 [12 1.000][574.843 -352.998 431.079 -3.1317 -7.2106 -36.9776][0.792553 -0.595126 0.132982 0.596745 0.801802 0.031743 -0.125516 0.054198 0.990610] 
3d 0 
fr 135675
ts 36840.247963
6d 1 [12 1.000][574.843 -352.998 431.079 -3.1317 -7.2106 -36.9776][0.792553 -0.595126 0.132982 0.596745 0.801802 0.031743 -0.125516 0.054198 0.990610] 
3d 0 
fr 135676
ts 36840.264625
6d 1 [12 1.000][574.843 -352.998 431.079 -3.1317 -7.2106 -36.9776][0.792553 -0.595126 0.132982 0.596745 0.801802 0.031743 -0.125516 0.054198 0.990610] 
3d 0 
fr 135677
ts 36840.281317
6d 1 [12 1.000][574.876 -352.917 431.076 -3.1305 -7.2114 -36.9782][0.792545 -0.595138 0.132982 0.596754 0.801795 0.031769 -0.125531 0.054179 0.990609] 
3d 0 
fr 135678
ts 36840.297978
6d 1 [12 1.000][574.856 -352.977 431.081 -3.1170 -7.2134 -36.9793][0.792530 -0.595182 0.132868 0.596765 0.801778 0.031981 -0.125565 0.053945 0.990618] 
3d 0 
fr 135679
ts 36840.314662
6d 1 [12 1.000][574.905 -352.877 431.081 -3.1183 -7.2129 -36.9808][0.792516 -0.595201 0.132873 0.596787 0.801763 0.031961 -0.125556 0.053967 0.990618] 
3d 0 
fr 135680
ts 36840.331324
6d 1 [12 1.000][574.869 -352.941 431.083 -3.1192 -7.2105 -36.9815][0.792513 -0.595210 0.132849 0.596800 0.801755 0.031926 -0.125515 0.053983 0.990622] 
3d 0 
fr 135681
ts 36840.348000
6d 1 [12 1.000][574.870 -352.943 431.072 -3.1220 -7.2109 -36.9825][0.792501 -0.595217 0.132884 0.596813 0.801746 0.031893 -0.125523 0.054032 0.990618] 
3d 0 
fr 135682
ts 36840.364661
6d 1 [12 1.000][574.871 -352.956 431.077 -3.1277 -7.2020 -36.9913][0.792425 -0.595334 0.132815 0.596946 0.801653 0.031741 -0.125368 0.054131 0.990633] 
3d 0 
fr 135683
ts 36840.381330
6d 1 [12 1.000][574.871 -352.956 431.077 -3.1277 -7.2020 -36.9913][0.792425 -0.595334 0.132815 0.596946 0.801653 0.031741 -0.125368 0.054131 0.990633] 
3d 0 
fr 135684
ts 36840.397996
6d 1 [12 1.000][574.871 -352.956 431.077 -3.1277 -7.2020 -36.9913][0.792425 -0.595334 0.132815 0.596946 0.801653 0.031741 -0.125368 0.054131 0.990633] 
3d 0 
fr 135685
ts 36840.414656
6d 1 [12 1.000][574.867 -353.002 431.068 -3.1274 -7.2032 -36.9913][0.792423 -0.595334 0.132828 0.596945 0.801653 0.031757 -0.125388 0.054126 0.990630] 
3d 0 
fr 135686
ts 36840.431321
6d 1 [12 1.000][574.859 -353.107 431.080 -3.1257 -7.2021 -36.9855][0.792486 -0.595257 0.132800 0.596866 0.801713 0.031756 -0.125370 0.054097 0.990634] 
3d 0 
fr 135687
ts 36840.447977
6d 1 [12 1.000][574.850 -353.048 431.078 -3.1263 -7.2021 -36.9781][0.792563 -0.595152 0.132809 0.596763 0.801790 0.031730 -0.125369 0.054108 0.990634] 
3d 0 
fr 135688
ts 36840.464640
6d 1 [12 1.000][574.846 -353.090 431.078 -3.1198 -7.2018 -36.9822][0.792521 -0.595225 0.132735 0.596821 0.801743 0.031828 -0.125365 0.053995 0.990640] 
3d 0 
fr 135689
ts 36840.481287
6d 1 [12 1.000][574.851 -353.061 431.079 -3.1199 -7.2048 -36.9799][0.792539 -0.595191 0.132779 0.596786 0.801768 0.031852 -0.125416 0.053997 0.990634] 
3d 0 
fr 135690
ts 36840.497951
6d 1 [12 1.000][574.850 -353.088 431.083 -3.1135 -7.2014 -36.9752][0.792594 -0.595142 0.132667 0.596724 0.801812 0.031896 -0.125357 0.053885 0.990647] 
3d 0 
fr 135691
ts 36840.514590
6d 1 [12 1.000][574.854 -353.041 431.082 -3.1129 -7.2034 -36.9671][0.792675 -0.595029 0.132694 0.596610 0.801897 0.031906 -0.125392 0.053875 0.990643] 
3d 0 
fr 135692
ts 36840.531256
6d 1 [12 1.000][574.854 -353.041 431.082 -3.1129 -7.2034 -36.9671][0.792675 -0.595029 0.132694 0.596610 0.801897 0.031906 -0.125392 0.053875 0.990643] 
3d 0 
fr 135693
ts 36840.547944
6d 1 [12 1.000][574.863 -352.966 431.106 -3.1127 -7.2026 -36.9665][0.792682 -0.595021 0.132681 0.596603 0.801902 0.031900 -0.125378 0.053871 0.990645] 
3d 0 
fr 135694
ts 36840.564606
6d 1 [12 1.000][574.857 -353.008 431.103 -3.1123 -7.2008 -36.9660][0.792691 -0.595016 0.132652 0.596598 0.801907 0.031885 -0.125347 0.053865 0.990650] 
3d 0 
fr 135695
ts 36840.581284
6d 1 [12 1.000][574.868 -352.909 431.098 -3.1145 -7.2035 -36.9665][0.792681 -0.595017 0.132712 0.596602 0.801904 0.031883 -0.125394 0.053903 0.990642] 
3d 0 
fr 135696
ts 36840.597950
6d 1 [12 1.000][574.865 -352.959 431.103 -3.1120 -7.2021 -36.9677][0.792670 -0.595041 0.132667 0.596621 0.801889 0.031907 -0.125370 0.053860 0.990647] 
3d 0 
fr 135697
ts 36840.614619
6d 1 [12 1.000][574.872 -352.919 431.096 -3.1155 -7.2072 -36.9710][0.792628 -0.595074 0.132771 0.596659 0.801860 0.031919 -0.125458 0.053919 0.990633] 
3d 0 
fr 135698
ts 36840.631285
6d 1 [12 1.000][574.870 -352.967 431.103 -3.1120 -7.2015 -36.9748][0.792598 -0.595139 0.132655 0.596718 0.801816 0.031918 -0.125360 0.053860 0.990648] 
3d 0 
fr 135699
ts 36840.647952
6d 1 [12 1.000][574.873 -352.930 431.100 -3.1197 -7.2080 -36.9769][0.792564 -0.595147 0.132823 0.596740 0.801801 0.031882 -0.125472 0.053992 0.990627] 
3d 0 
fr 135700
ts 36840.664614
6d 1 [12 1.000][574.864 -352.979 431.093 -3.1158 -7.2068 -36.9767][0.792569 -0.595154 0.132765 0.596738 0.801801 0.031924 -0.125451 0.053924 0.990633] 
3d 0 
fr 135701
ts 36840.681271
6d 1 [12 1.000][574.864 -352.979 431.093 -3.1158 -7.2068 -36.9767][0.792569 -0.595154 0.132765 0.596738 0.801801 0.031924 -0.125451 0.053924 0.990633] 
3d 0 
fr 135702
ts 36840.697937
6d 1 [12 1.000][574.858 -353.097 431.089 -3.1153 -7.2080 -36.9770][0.792564 -0.595158 0.132777 0.596741 0.801798 0.031943 -0.125472 0.053916 0.990631] 
3d 0 
fr 135703
ts 36840.714590
6d 1 [12 1.000][574.861 -352.990 431.087 -3.1180 -7.2177 -36.9787][0.792529 -0.595168 0.132938 0.596751 0.801788 0.032011 -0.125640 0.053962 0.990607] 
3d 0 
fr 135704
ts 36840.731252
6d 1 [12 1.000][574.864 -352.936 431.098 -3.1175 -7.2176 -36.9788][0.792528 -0.595171 0.132932 0.596754 0.801786 0.032017 -0.125639 0.053953 0.990608] 
3d 0 
fr 135705
ts 36840.747898
6d 1 [12 1.000][574.870 -352.881 431.098 -3.1189 -7.2174 -36.9806][0.792510 -0.595193 0.132942 0.596778 0.801768 0.031999 -0.125635 0.053977 0.990607] 
3d 0 
fr 135706
ts 36840.764560
6d 1 [12 1.000][574.865 -352.957 431.106 -3.1176 -7.2170 -36.9820][0.792496 -0.595216 0.132922 0.596799 0.801752 0.032016 -0.125627 0.053955 0.990609] 
3d 0 
fr 135707
ts 36840.781250
6d 1 [12 1.000][574.865 -352.957 431.106 -3.1176 -7.2170 -36.9820][0.792496 -0.595216 0.132922 0.596799 0.801752 0.032016 -0.125627 0.053955 0.990609] 
3d 0 
fr 135708
ts 36840.797913
6d 1 [12 1.000][574.861 -353.106 431.101 -3.1172 -7.2161 -36.9825][0.792492 -0.595224 0.132905 0.596806 0.801747 0.032013 -0.125611 0.053949 0.990612] 
3d 0 
fr 135709
ts 36840.814594
6d 1 [12 1.000][574.868 -353.002 431.097 -3.1196 -7.2116 -36.9884][0.792438 -0.595305 0.132865 0.596894 0.801684 0.031947 -0.125534 0.053990 0.990619] 
3d 0 
fr 135710
ts 36840.831259
6d 1 [12 1.000][574.854 -353.011 431.089 -3.1200 -7.2104 -36.9876][0.792449 -0.595293 0.132853 0.596884 0.801692 0.031928 -0.125514 0.053996 0.990621] 
3d 0 
fr 135711
ts 36840.847938
6d 1 [12 1.000][574.853 -353.106 431.092 -3.1189 -7.2106 -36.9855][0.792471 -0.595266 0.132846 0.596854 0.801714 0.031940 -0.125517 0.053978 0.990622] 
3d 0 
fr 135712
ts 36840.864599
6d 1 [12 1.000][574.845 -353.060 431.081 -3.1162 -7.2097 -36.9824][0.792505 -0.595230 0.132807 0.596813 0.801744 0.031961 -0.125502 0.053931 0.990626] 
3d 0 
fr 135713
ts 36840.881268
6d 1 [12 1.000][574.853 -353.016 431.079 -3.1162 -7.2073 -36.9768][0.792567 -0.595154 0.132777 0.596739 0.801800 0.031924 -0.125460 0.053932 0.990632] 
3d 0 
fr 135714
ts 36840.897932
6d 1 [12 1.000][574.848 -353.051 431.075 -3.1159 -7.2070 -36.9760][0.792575 -0.595144 0.132770 0.596729 0.801808 0.031923 -0.125455 0.053926 0.990633] 
3d 0 
fr 135715
ts 36840.914593
6d 1 [12 1.000][574.848 -353.017 431.063 -3.1149 -7.2079 -36.9718][0.792618 -0.595087 0.132774 0.596669 0.801852 0.031937 -0.125470 0.053909 0.990632] 
3d 0 
fr 135716
ts 36840.931258
6d 1 [12 1.000][574.848 -353.017 431.063 -3.1149 -7.2079 -36.9718][0.792618 -0.595087 0.132774 0.596669 0.801852 0.031937 -0.125470 0.053909 0.990632] 
3d 0 
fr 135717
ts 36840.947915
6d 1 [12 1.000][574.853 -352.955 431.074 -3.1158 -7.2073 -36.9717][0.792620 -0.595084 0.132774 0.596669 0.801853 0.031918 -0.125459 0.053924 0.990632] 
3d 0 
fr 135718
ts 36840.964575
6d 1 [12 1.000][574.859 -352.988 431.080 -3.1178 -7.2049 -36.9705][0.792636 -0.595064 0.132764 0.596656 0.801865 0.031862 -0.125418 0.053960 0.990635] 
3d 0 
fr 135719
ts 36840.981227
6d 1 [12 1.000][574.874 -352.880 431.082 -3.1195 -7.2051 -36.9716][0.792625 -0.595074 0.132784 0.596669 0.801855 0.031843 -0.125422 0.053989 0.990633] 
3d 0 
fr 135720
ts 36840.997888
6d 1 [12 1.000][574.869 -352.964 431.113 -3.1188 -7.2032 -36.9731][0.792612 -0.595100 0.132748 0.596694 0.801837 0.031836 -0.125388 0.053976 0.990638] 
3d 0 
fr 135721
ts 36841.014530
6d 1 [12 1.000][574.865 -353.050 431.084 -3.1258 -7.2017 -36.9775][0.792569 -0.595146 0.132799 0.596757 0.801795 0.031733 -0.125363 0.054098 0.990635] 
3d 0 
fr 135722
ts 36841.031194
6d 1 [12 1.000][574.860 -353.119 431.083 -3.1263 -7.2009 -36.9774][0.792572 -0.595144 0.132793 0.596756 0.801796 0.031717 -0.125348 0.054107 0.990636] 
3d 0 
fr 135723
ts 36841.047882
6d 1 [12 1.000][574.860 -353.014 431.085 -3.1317 -7.1995 -36.9791][0.792556 -0.595156 0.132829 0.596781 0.801780 0.031631 -0.125325 0.054201 0.990634] 
3d 0 
fr 135724
ts 36841.064544
6d 1 [12 1.000][574.852 -353.112 431.085 -3.1310 -7.1995 -36.9784][0.792564 -0.595148 0.132821 0.596771 0.801787 0.031638 -0.125324 0.054188 0.990635] 
3d 0 
fr 135725
ts 36841.081225
6d 1 [12 1.000][574.867 -353.011 431.081 -3.1336 -7.1972 -36.9759][0.792594 -0.595109 0.132818 0.596740 0.801813 0.031573 -0.125285 0.054233 0.990637] 
3d 0 
fr 135726
ts 36841.097886
6d 1 [12 1.000][574.867 -353.011 431.081 -3.1336 -7.1972 -36.9759][0.792594 -0.595109 0.132818 0.596740 0.801813 0.031573 -0.125285 0.054233 0.990637] 
3d 0 
fr 135727
ts 36841.114560
6d 1 [12 1.000][574.867 -353.011 431.081 -3.1336 -7.1972 -36.9759][0.792594 -0.595109 0.132818 0.596740 0.801813 0.031573 -0.125285 0.054233 0.990637] 
3d 0 
fr 135728
ts 36841.131219
6d 1 [12 1.000][574.867 -353.011 431.081 -3.1336 -7.1972 -36.9759][0.792594 -0.595109 0.132818 0.596740 0.801813 0.031573 -0.125285 0.054233 0.990637] 
3d 0 
fr 135729
ts 36841.147890
6d 1 [12 1.000][574.861 -352.988 431.081 -3.1345 -7.1964 -36.9760][0.792595 -0.595108 0.132817 0.596742 0.801813 0.031553 -0.125272 0.054249 0.990638] 
3d 0 
fr 135730
ts 36841.164551
6d 1 [12 1.000][574.861 -352.988 431.095 -3.1375 -7.1853 -36.9762][0.792611 -0.595113 0.132694 0.596760 0.801805 0.031396 -0.125079 0.054302 0.990660] 
3d 0 
fr 135731
ts 36841.181208
6d 1 [12 1.000][574.863 -352.955 431.090 -3.1383 -7.1851 -36.9765][0.792609 -0.595115 0.132701 0.596764 0.801803 0.031383 -0.125076 0.054317 0.990659] 
3d 0 
fr 135732
ts 36841.197874
6d 1 [12 1.000][574.850 -352.994 431.094 -3.1375 -7.1842 -36.9765][0.792610 -0.595118 0.132679 0.596765 0.801802 0.031385 -0.125060 0.054303 0.990662] 
3d 0 
fr 135733
ts 36841.214528
6d 1 [12 1.000][574.850 -352.994 431.094 -3.1375 -7.1842 -36.9765][0.792610 -0.595118 0.132679 0.596765 0.801802 0.031385 -0.125060 0.054303 0.990662] 
3d 0 
fr 135734
ts 36841.231189
6d 1 [12 1.000][574.850 -352.994 431.094 -3.1375 -7.1842 -36.9765][0.792610 -0.595118 0.132679 0.596765 0.801802 0.031385 -0.125060 0.054303 0.990662] 
3d 0 
fr 135735
ts 36841.247837
6d 1 [12 1.000][574.850 -352.994 431.094 -3.1375 -7.1842 -36.9765][0.792610 -0.595118 0.132679 0.596765 0.801802 0.031385 -0.125060 0.054303 0.990662] 
3d 0 
fr 135736
ts 36841.264498
6d 1 [12 1.000][574.850 -352.994 431.094 -3.1375 -7.1842 -36.9765][0.792610 -0.595118 0.132679 0.596765 0.801802 0.031385 -0.125060 0.054303 0.990662] 
3d 0 
fr 135737
ts 36841.281186
6d 1 [12 1.000][574.850 -352.994 431.094 -3.1375 -7.1842 -36.9765][0.792610 -0.595118 0.132679 0.596765 0.801802 0.031385 -0.125060 0.054303 0.990662] 
3d 0 
fr 135738
ts 36841.297851
6d 1 [12 1.000][574.850 -352.994 431.094 -3.1375 -7.1842 -36.9765][0.792610 -0.595118 0.132679 0.596765 0.801802 0.031385 -0.125060 0.054303 0.990662] 
3d 0 
fr 135739
ts 36841.314532
6d 1 [12 1.000][574.850 -352.994 431.094 -3.1375 -7.1842 -36.9765][0.792610 -0.595118 0.132679 0.596765 0.801802 0.031385 -0.125060 0.054303 0.990662] 
3d 0 
fr 135740
ts 36841.331198
6d 1 [12 1.000][574.850 -352.994 431.094 -3.1375 -7.1842 -36.9765][0.792610 -0.595118 0.132679 0.596765 0.801802 0.031385 -0.125060 0.054303 0.990662] 
3d 0 
fr 135741
ts 36841.347876
6d 1 [12 1.000][574.850 -352.994 431.094 -3.1375 -7.1842 -36.9765][0.792610 -0.595118 0.132679 0.596765 0.801802 0.031385 -0.125060 0.054303 0.990662] 
3d 0 
fr 135742
ts 36841.364536
6d 1 [12 1.000][574.850 -352.994 431.094 -3.1375 -7.1842 -36.9765][0.792610 -0.595118 0.132679 0.596765 0.801802 0.031385 -0.125060 0.054303 0.990662] 
3d 0 
fr 135743
ts 36841.381205
6d 1 [12 1.000][574.871 -352.970 431.082 -3.1358 -7.1872 -36.9767][0.792603 -0.595122 0.132703 0.596764 0.801800 0.031440 -0.125112 0.054273 0.990657] 
3d 0 
fr 135744
ts 36841.397871
6d 1 [12 1.000][574.863 -353.088 431.088 -3.1317 -7.1886 -36.9758][0.792610 -0.595118 0.132681 0.596750 0.801808 0.031510 -0.125137 0.054202 0.990658] 
3d 0 
fr 135745
ts 36841.414535
6d 1 [12 1.000][574.860 -353.059 431.084 -3.1290 -7.1930 -36.9753][0.792608 -0.595113 0.132713 0.596737 0.801815 0.031591 -0.125212 0.054155 0.990651] 
3d 0 
fr 135746
ts 36841.431196
6d 1 [12 1.000][574.815 -353.058 431.073 -3.1261 -7.1947 -36.9727][0.792632 -0.595083 0.132707 0.596699 0.801841 0.031644 -0.125241 0.054104 0.990650] 
3d 0 
fr 135747
ts 36841.447854
6d 1 [12 1.000][574.853 -353.018 431.078 -3.1138 -7.2112 -36.9720][0.792610 -0.595090 0.132808 0.596668 0.801850 0.031986 -0.125527 0.053889 0.990626] 
3d 0 
fr 135748
ts 36841.464516
6d 1 [12 1.000][574.853 -353.018 431.078 -3.1138 -7.2112 -36.9720][0.792610 -0.595090 0.132808 0.596668 0.801850 0.031986 -0.125527 0.053889 0.990626] 
3d 0 
fr 135749
ts 36841.481164
6d 1 [12 1.000][574.853 -353.018 431.078 -3.1138 -7.2112 -36.9720][0.792610 -0.595090 0.132808 0.596668 0.801850 0.031986 -0.125527 0.053889 0.990626] 
3d 0 
fr 135750
ts 36841.497827
6d 1 [12 1.000][574.853 -353.018 431.078 -3.1138 -7.2112 -36.9720][0.792610 -0.595090 0.132808 0.596668 0.801850 0.031986 -0.125527 0.053889 0.990626] 
3d 0 
fr 135751
ts 36841.514471
6d 1 [12 1.000][574.883 -352.898 431.100 -3.1137 -7.2105 -36.9722][0.792609 -0.595093 0.132798 0.596672 0.801848 0.031981 -0.125516 0.053889 0.990627] 
3d 0 
fr 135752
ts 36841.531132
6d 1 [12 1.000][574.853 -352.982 431.093 -3.1131 -7.2108 -36.9720][0.792611 -0.595092 0.132795 0.596668 0.801850 0.031992 -0.125520 0.053877 0.990627] 
3d 0 
fr 135753
ts 36841.547821
6d 1 [12 1.000][574.868 -352.953 431.093 -3.1160 -7.2132 -36.9733][0.792593 -0.595101 0.132858 0.596683 0.801839 0.031980 -0.125562 0.053927 0.990619] 
3d 0 
fr 135754
ts 36841.564484
6d 1 [12 1.000][574.869 -352.942 431.101 -3.1153 -7.2101 -36.9763][0.792567 -0.595147 0.132806 0.596729 0.801806 0.031964 -0.125508 0.053915 0.990626] 
3d 0 
fr 135755
ts 36841.581163
6d 1 [12 1.000][574.876 -352.944 431.088 -3.1213 -7.2127 -36.9781][0.792544 -0.595156 0.132904 0.596750 0.801792 0.031910 -0.125553 0.054020 0.990615] 
3d 0 
fr 135756
ts 36841.597826
6d 1 [12 1.000][574.867 -353.056 431.092 -3.1194 -7.2066 -36.9782][0.792553 -0.595167 0.132799 0.596760 0.801787 0.031875 -0.125447 0.053987 0.990630] 
3d 0 
fr 135757
ts 36841.614501
6d 1 [12 1.000][574.875 -352.980 431.104 -3.1237 -7.2110 -36.9821][0.792505 -0.595208 0.132903 0.596808 0.801751 0.031869 -0.125524 0.054062 0.990617] 
3d 0 
fr 135758
ts 36841.631162
6d 1 [12 1.000][574.865 -353.072 431.103 -3.1234 -7.2099 -36.9821][0.792508 -0.595209 0.132883 0.596808 0.801751 0.031862 -0.125504 0.054055 0.990619] 
3d 0 
fr 135759
ts 36841.647830
6d 1 [12 1.000][574.864 -353.008 431.098 -3.1238 -7.2110 -36.9821][0.792505 -0.595208 0.132904 0.596808 0.801751 0.031867 -0.125524 0.054063 0.990616] 
3d 0 
fr 135760
ts 36841.664492
6d 1 [12 1.000][574.867 -353.014 431.104 -3.1216 -7.2082 -36.9823][0.792508 -0.595217 0.132842 0.596814 0.801747 0.031870 -0.125475 0.054024 0.990625] 
3d 0 
fr 135761
ts 36841.681150
6d 1 [12 1.000][574.877 -353.001 431.106 -3.1226 -7.2045 -36.9830][0.792508 -0.595227 0.132801 0.596828 0.801738 0.031819 -0.125411 0.054042 0.990632] 
3d 0 
fr 135762
ts 36841.697815
6d 1 [12 1.000][574.877 -353.001 431.106 -3.1226 -7.2045 -36.9830][0.792508 -0.595227 0.132801 0.596828 0.801738 0.031819 -0.125411 0.054042 0.990632] 
3d 0 
fr 135763
ts 36841.714469
6d 1 [12 1.000][574.877 -353.001 431.106 -3.1226 -7.2045 -36.9830][0.792508 -0.595227 0.132801 0.596828 0.801738 0.031819 -0.125411 0.054042 0.990632] 
3d 0 
fr 135764
ts 36841.731130
6d 1 [12 1.000][574.877 -353.001 431.106 -3.1226 -7.2045 -36.9830][0.792508 -0.595227 0.132801 0.596828 0.801738 0.031819 -0.125411 0.054042 0.990632] 
3d 0 
fr 135765
ts 36841.747777
6d 1 [12 1.000][574.877 -353.001 431.106 -3.1226 -7.2045 -36.9830][0.792508 -0.595227 0.132801 0.596828 0.801738 0.031819 -0.125411 0.054042 0.990632] 
3d 0 
fr 135766
ts 36841.764438
6d 1 [12 1.000][574.877 -353.001 431.106 -3.1226 -7.2045 -36.9830][0.792508 -0.595227 0.132801 0.596828 0.801738 0.031819 -0.125411 0.054042 0.990632] 
3d 0 
fr 135767
ts 36841.781131
6d 1 [12 1.000][574.877 -353.001 431.106 -3.1226 -7.2045 -36.9830][0.792508 -0.595227 0.132801 0.596828 0.801738 0.031819 -0.125411 0.054042 0.990632] 
3d 0 
fr 135768
ts 36841.797793
6d 1 [12 1.000][574.877 -353.001 431.106 -3.1226 -7.2045 -36.9830][0.792508 -0.595227 0.132801 0.596828 0.801738 0.031819 -0.125411 0.054042 0.990632] 
3d 0 
fr 135769
ts 36841.814477
6d 1 [12 1.000][574.884 -352.947 431.111 -3.1252 -7.2024 -36.9828][0.792513 -0.595220 0.132799 0.596828 0.801740 0.031761 -0.125375 0.054087 0.990634] 
3d 0 
fr 135770
ts 36841.831139
6d 1 [12 1.000][574.873 -352.988 431.116 -3.1204 -7.1845 -36.9786][0.792588 -0.595187 0.132504 0.596794 0.801771 0.031632 -0.125065 0.054007 0.990678] 
3d 0 
fr 135771
ts 36841.847818
6d 1 [12 1.000][574.873 -352.988 431.116 -3.1204 -7.1845 -36.9786][0.792588 -0.595187 0.132504 0.596794 0.801771 0.031632 -0.125065 0.054007 0.990678] 
3d 0 
fr 135772
ts 36841.864480
6d 1 [12 1.000][574.873 -352.988 431.116 -3.1204 -7.1845 -36.9786][0.792588 -0.595187 0.132504 0.596794 0.801771 0.031632 -0.125065 0.054007 0.990678] 
3d 0 
fr 135773
ts 36841.881148
6d 1 [12 1.000][574.873 -352.988 431.116 -3.1204 -7.1845 -36.9786][0.792588 -0.595187 0.132504 0.596794 0.801771 0.031632 -0.125065 0.054007 0.990678] 
3d 0 
fr 135774
ts 36841.897814
6d 1 [12 1.000][574.843 -353.005 431.100 -3.1216 -7.1837 -36.9783][0.792593 -0.595180 0.132506 0.596790 0.801774 0.031606 -0.125051 0.054027 0.990678] 
3d 0 
fr 135775
ts 36841.914472
6d 1 [12 1.000][574.860 -352.990 431.105 -3.1353 -7.1777 -36.9764][0.792623 -0.595126 0.132567 0.596772 0.801798 0.031347 -0.124948 0.054266 0.990678] 
3d 0 
fr 135776
ts 36841.931138
6d 1 [12 1.000][574.856 -353.034 431.102 -3.1349 -7.1774 -36.9757][0.792631 -0.595117 0.132559 0.596763 0.801805 0.031349 -0.124943 0.054258 0.990679] 
3d 0 
fr 135777
ts 36841.947796
6d 1 [12 1.000][574.848 -353.012 431.089 -3.1361 -7.1792 -36.9721][0.792665 -0.595063 0.132597 0.596711 0.801844 0.031342 -0.124973 0.054278 0.990674] 
3d 0 
fr 135778
ts 36841.964457
6d 1 [12 1.000][574.848 -353.012 431.089 -3.1361 -7.1792 -36.9721][0.792665 -0.595063 0.132597 0.596711 0.801844 0.031342 -0.124973 0.054278 0.990674] 
3d 0 
fr 135779
ts 36841.981104
6d 1 [12 1.000][574.861 -352.932 431.091 -3.1358 -7.1809 -36.9718][0.792665 -0.595059 0.132618 0.596705 0.801848 0.031363 -0.125002 0.054273 0.990671] 
3d 0 
fr 135780
ts 36841.997770
6d 1 [12 1.000][574.864 -352.975 431.091 -3.1320 -7.1866 -36.9710][0.792664 -0.595051 0.132658 0.596686 0.801858 0.031473 -0.125101 0.054208 0.990662] 
3d 0 
fr 135781
ts 36842.014410
6d 1 [12 1.000][574.858 -352.964 431.095 -3.1314 -7.1879 -36.9719][0.792652 -0.595064 0.132670 0.596696 0.801849 0.031497 -0.125124 0.054198 0.990660] 
3d 0 
fr 135782
ts 36842.031075
6d 1 [12 1.000][574.852 -352.983 431.093 -3.1259 -7.1951 -36.9751][0.792606 -0.595117 0.132710 0.596732 0.801816 0.031657 -0.125248 0.054101 0.990649] 
3d 0 
fr 135783
ts 36842.047763
6d 1 [12 1.000][574.867 -352.950 431.091 -3.1248 -7.1963 -36.9759][0.792596 -0.595129 0.132714 0.596741 0.801808 0.031687 -0.125269 0.054081 0.990648] 
3d 0 
fr 135784
ts 36842.064425
6d 1 [12 1.000][574.866 -352.971 431.097 -3.1156 -7.2022 -36.9816][0.792526 -0.595226 0.132698 0.596812 0.801747 0.031891 -0.125372 0.053921 0.990643] 
3d 0 
fr 135785
ts 36842.081108
6d 1 [12 1.000][574.866 -352.971 431.097 -3.1156 -7.2022 -36.9816][0.792526 -0.595226 0.132698 0.596812 0.801747 0.031891 -0.125372 0.053921 0.990643] 
3d 0 
fr 135786
ts 36842.097769
6d 1 [12 1.000][574.866 -352.971 431.097 -3.1156 -7.2022 -36.9816][0.792526 -0.595226 0.132698 0.596812 0.801747 0.031891 -0.125372 0.053921 0.990643] 
3d 0 
fr 135787
ts 36842.114442
6d 1 [12 1.000][574.866 -352.971 431.097 -3.1156 -7.2022 -36.9816][0.792526 -0.595226 0.132698 0.596812 0.801747 0.031891 -0.125372 0.053921 0.990643] 
3d 0 
fr 135788
ts 36842.131105
6d 1 [12 1.000][574.866 -352.971 431.097 -3.1156 -7.2022 -36.9816][0.792526 -0.595226 0.132698 0.596812 0.801747 0.031891 -0.125372 0.053921 0.990643] 
3d 0 
fr 135789
ts 36842.147773
6d 1 [12 1.000][574.881 -352.960 431.063 -3.1182 -7.2043 -36.9828][0.792510 -0.595235 0.132752 0.596826 0.801737 0.031878 -0.125407 0.053966 0.990637] 
3d 0 
fr 135790
ts 36842.164435
6d 1 [12 1.000][574.878 -352.975 431.075 -3.1080 -7.2167 -36.9910][0.792403 -0.595364 0.132814 0.596923 0.801654 0.032168 -0.125623 0.053789 0.990619] 
3d 0 
fr 135791
ts 36842.181096
6d 1 [12 1.000][574.878 -352.975 431.075 -3.1080 -7.2167 -36.9910][0.792403 -0.595364 0.132814 0.596923 0.801654 0.032168 -0.125623 0.053789 0.990619] 
3d 0 
fr 135792
ts 36842.197758
6d 1 [12 1.000][574.878 -352.975 431.075 -3.1080 -7.2167 -36.9910][0.792403 -0.595364 0.132814 0.596923 0.801654 0.032168 -0.125623 0.053789 0.990619] 
3d 0 
fr 135793
ts 36842.214412
6d 1 [12 1.000][574.878 -352.975 431.075 -3.1080 -7.2167 -36.9910][0.792403 -0.595364 0.132814 0.596923 0.801654 0.032168 -0.125623 0.053789 0.990619] 
3d 0 
fr 135794
ts 36842.231075
6d 1 [12 1.000][574.868 -353.035 431.065 -3.1082 -7.2153 -36.9903][0.792412 -0.595356 0.132796 0.596916 0.801660 0.032150 -0.125598 0.053792 0.990622] 
3d 0 
fr 135795
ts 36842.247721
6d 1 [12 1.000][574.874 -353.002 431.060 -3.1137 -7.2083 -36.9864][0.792465 -0.595293 0.132759 0.596871 0.801699 0.031991 -0.125477 0.053888 0.990632] 
3d 0 
fr 135796
ts 36842.264383
6d 1 [12 1.000][574.874 -353.002 431.060 -3.1137 -7.2083 -36.9864][0.792465 -0.595293 0.132759 0.596871 0.801699 0.031991 -0.125477 0.053888 0.990632] 
3d 0 
fr 135797
ts 36842.281074
6d 1 [12 1.000][574.874 -353.002 431.060 -3.1137 -7.2083 -36.9864][0.792465 -0.595293 0.132759 0.596871 0.801699 0.031991 -0.125477 0.053888 0.990632] 
3d 0 
fr 135798
ts 36842.297738
6d 1 [12 1.000][574.867 -353.019 431.121 -3.1138 -7.2061 -36.9860][0.792474 -0.595289 0.132729 0.596867 0.801703 0.031966 -0.125438 0.053890 0.990637] 
3d 0 
fr 135799
ts 36842.314422
6d 1 [12 1.000][574.872 -353.016 431.122 -3.1140 -7.2051 -36.9860][0.792474 -0.595290 0.132719 0.596870 0.801702 0.031953 -0.125422 0.053894 0.990638] 
3d 0 
fr 135800
ts 36842.331084
6d 1 [12 1.000][574.873 -353.025 431.122 -3.1136 -7.2018 -36.9867][0.792473 -0.595303 0.132669 0.596883 0.801693 0.031926 -0.125365 0.053887 0.990646] 
3d 0 
fr 135801
ts 36842.347763
6d 1 [12 1.000][574.876 -353.005 431.105 -3.1177 -7.1914 -36.9852][0.792507 -0.595280 0.132567 0.596876 0.801704 0.031756 -0.125184 0.053959 0.990665] 
3d 0 
fr 135802
ts 36842.364425
6d 1 [12 1.000][574.864 -353.057 431.101 -3.1182 -7.1905 -36.9843][0.792518 -0.595267 0.132561 0.596866 0.801713 0.031737 -0.125168 0.053969 0.990667] 
3d 0 
fr 135803
ts 36842.381095
6d 1 [12 1.000][574.861 -353.028 431.094 -3.1217 -7.1881 -36.9818][0.792549 -0.595225 0.132565 0.596833 0.801741 0.031658 -0.125127 0.054029 0.990669] 
3d 0 
fr 135804
ts 36842.397757
6d 1 [12 1.000][574.861 -353.028 431.094 -3.1217 -7.1881 -36.9818][0.792549 -0.595225 0.132565 0.596833 0.801741 0.031658 -0.125127 0.054029 0.990669] 
3d 0 
fr 135805
ts 36842.414422
6d 1 [12 1.000][574.861 -353.028 431.094 -3.1217 -7.1881 -36.9818][0.792549 -0.595225 0.132565 0.596833 0.801741 0.031658 -0.125127 0.054029 0.990669] 
3d 0 
fr 135806
ts 36842.431083
6d 1 [12 1.000][574.851 -353.125 431.108 -3.1212 -7.1869 -36.9802][0.792567 -0.595205 0.132545 0.596813 0.801756 0.031649 -0.125106 0.054021 0.990672] 
3d 0 
fr 135807
ts 36842.447738
6d 1 [12 1.000][574.858 -353.053 431.108 -3.1245 -7.1831 -36.9695][0.792686 -0.595050 0.132532 0.596670 0.801867 0.031539 -0.125040 0.054077 0.990677] 
3d 0 
fr 135808
ts 36842.464403
6d 1 [12 1.000][574.858 -353.053 431.108 -3.1245 -7.1831 -36.9695][0.792686 -0.595050 0.132532 0.596670 0.801867 0.031539 -0.125040 0.054077 0.990677] 
3d 0 
fr 135809
ts 36842.481054
6d 1 [12 1.000][574.848 -353.052 431.003 -3.1238 -7.1877 -36.9687][0.792685 -0.595038 0.132588 0.596653 0.801877 0.031595 -0.125120 0.054065 0.990667] 
3d 0 
fr 135810
ts 36842.497716
6d 1 [12 1.000][574.839 -353.071 431.052 -3.1147 -7.1910 -36.9635][0.792734 -0.594983 0.132543 0.596577 0.801928 0.031744 -0.125177 0.053908 0.990669] 
3d 0 
fr 135811
ts 36842.514349
6d 1 [12 1.000][574.853 -353.041 431.049 -3.1155 -7.1944 -36.9627][0.792737 -0.594967 0.132599 0.596560 0.801939 0.031767 -0.125237 0.053920 0.990661] 
3d 0 
fr 135812
ts 36842.531021
6d 1 [12 1.000][574.854 -352.995 431.055 -3.1161 -7.1945 -36.9630][0.792733 -0.594971 0.132606 0.596565 0.801936 0.031760 -0.125238 0.053931 0.990660] 
3d 0 
fr 135813
ts 36842.547710
6d 1 [12 1.000][574.867 -352.997 431.069 -3.1171 -7.2003 -36.9644][0.792708 -0.594984 0.132697 0.596577 0.801925 0.031810 -0.125339 0.053948 0.990646] 
3d 0 
fr 135814
ts 36842.564373
6d 1 [12 1.000][574.872 -353.001 431.074 -3.1148 -7.2005 -36.9680][0.792671 -0.595038 0.132673 0.596626 0.801887 0.031852 -0.125342 0.053908 0.990648] 
3d 0 
fr 135815
ts 36842.581054
6d 1 [12 1.000][574.893 -352.984 431.074 -3.1222 -7.2071 -36.9676][0.792664 -0.595010 0.132841 0.596611 0.801899 0.031815 -0.125456 0.054036 0.990627] 
3d 0 
fr 135816
ts 36842.597714
6d 1 [12 1.000][574.867 -353.028 431.112 -3.1122 -7.2064 -36.9666][0.792674 -0.595022 0.132727 0.596600 0.801903 0.031946 -0.125443 0.053862 0.990638] 
3d 0 
fr 135817
ts 36842.614389
6d 1 [12 1.000][574.878 -353.014 431.121 -3.1140 -7.2088 -36.9676][0.792660 -0.595029 0.132780 0.596610 0.801895 0.031949 -0.125486 0.053893 0.990630] 
3d 0 
fr 135818
ts 36842.631051
6d 1 [12 1.000][574.868 -353.018 431.122 -3.1122 -7.2037 -36.9709][0.792635 -0.595083 0.132688 0.596662 0.801857 0.031929 -0.125397 0.053862 0.990643] 
3d 0 
fr 135819
ts 36842.647715
6d 1 [12 1.000][574.809 -353.019 431.091 -3.1171 -7.2153 -36.9699][0.792624 -0.595050 0.132900 0.596634 0.801876 0.031978 -0.125598 0.053946 0.990613] 
3d 0 
fr 135820
ts 36842.664383
6d 1 [12 1.000][574.834 -353.022 431.099 -3.1165 -7.2145 -36.9695][0.792630 -0.595046 0.132884 0.596629 0.801880 0.031977 -0.125585 0.053937 0.990616] 
3d 0 
fr 135821
ts 36842.681038
6d 1 [12 1.000][574.855 -353.011 431.098 -3.1142 -7.2116 -36.9686][0.792644 -0.595041 0.132820 0.596620 0.801886 0.031977 -0.125535 0.053897 0.990624] 
3d 0 
fr 135822
ts 36842.697706
6d 1 [12 1.000][574.856 -352.909 431.094 -3.1137 -7.2115 -36.9698][0.792632 -0.595059 0.132812 0.596637 0.801873 0.031986 -0.125532 0.053887 0.990625] 
3d 0 
fr 135823
ts 36842.714359
6d 1 [12 1.000][574.860 -352.876 431.093 -3.1156 -7.2119 -36.9716][0.792613 -0.595079 0.132838 0.596661 0.801856 0.031968 -0.125540 0.053921 0.990622] 
3d 0 
fr 135824
ts 36842.731020
6d 1 [12 1.000][574.857 -352.974 431.105 -3.1119 -7.2103 -36.9762][0.792568 -0.595153 0.132774 0.596727 0.801806 0.032013 -0.125511 0.053857 0.990629] 
3d 0 
fr 135825
ts 36842.747664
6d 1 [12 1.000][574.857 -352.974 431.105 -3.1119 -7.2103 -36.9762][0.792568 -0.595153 0.132774 0.596727 0.801806 0.032013 -0.125511 0.053857 0.990629] 
3d 0 
fr 135826
ts 36842.764329
6d 1 [12 1.000][574.857 -352.974 431.105 -3.1119 -7.2103 -36.9762][0.792568 -0.595153 0.132774 0.596727 0.801806 0.032013 -0.125511 0.053857 0.990629] 
3d 0 
fr 135827
ts 36842.781019
6d 1 [12 1.000][574.854 -353.057 431.073 -3.1126 -7.2106 -36.9761][0.792568 -0.595150 0.132785 0.596726 0.801807 0.032007 -0.125517 0.053868 0.990628] 
3d 0 
fr 135828
ts 36842.797683
6d 1 [12 1.000][574.851 -352.986 431.064 -3.1135 -7.2102 -36.9756][0.792574 -0.595141 0.132790 0.596719 0.801813 0.031988 -0.125510 0.053885 0.990628] 
3d 0 
fr 135829
ts 36842.814370
6d 1 [12 1.000][574.859 -352.979 431.053 -3.1172 -7.2117 -36.9772][0.792555 -0.595154 0.132848 0.596739 0.801799 0.031956 -0.125536 0.053949 0.990621] 
3d 0 
fr 135830
ts 36842.831031
6d 1 [12 1.000][574.849 -352.994 431.056 -3.1205 -7.2111 -36.9767][0.792561 -0.595140 0.132874 0.596733 0.801805 0.031902 -0.125525 0.054006 0.990619] 
3d 0 
fr 135831
ts 36842.847709
6d 1 [12 1.000][574.849 -352.994 431.056 -3.1205 -7.2111 -36.9767][0.792561 -0.595140 0.132874 0.596733 0.801805 0.031902 -0.125525 0.054006 0.990619] 
3d 0 
fr 135832
ts 36842.864368
6d 1 [12 1.000][574.849 -352.994 431.056 -3.1205 -7.2111 -36.9767][0.792561 -0.595140 0.132874 0.596733 0.801805 0.031902 -0.125525 0.054006 0.990619] 
3d 0 
fr 135833
ts 36842.881043
6d 1 [12 1.000][574.865 -352.936 431.065 -3.1229 -7.2103 -36.9774][0.792556 -0.595144 0.132887 0.596743 0.801800 0.031862 -0.125511 0.054047 0.990619] 
3d 0 
fr 135834
ts 36842.897705
6d 1 [12 1.000][574.871 -352.982 431.074 -3.1358 -7.2033 -36.9789][0.792552 -0.595141 0.132924 0.596774 0.801787 0.031612 -0.125391 0.054271 0.990622] 
3d 0 
fr 135835
ts 36842.914370
6d 1 [12 1.000][574.907 -352.964 431.107 -3.1360 -7.2027 -36.9802][0.792540 -0.595158 0.132917 0.596792 0.801773 0.031606 -0.125380 0.054275 0.990623] 
3d 0 
fr 135836
ts 36842.931031
6d 1 [12 1.000][574.883 -352.940 431.114 -3.1343 -7.2004 -36.9817][0.792528 -0.595186 0.132866 0.596816 0.801755 0.031610 -0.125340 0.054245 0.990630] 
3d 0 
fr 135837
ts 36842.947684
6d 1 [12 1.000][574.894 -352.957 431.094 -3.1355 -7.1954 -36.9899][0.792451 -0.595302 0.132806 0.596937 0.801667 0.031560 -0.125254 0.054267 0.990639] 
3d 0 
fr 135838
ts 36842.964350
6d 1 [12 1.000][574.894 -352.957 431.094 -3.1355 -7.1954 -36.9899][0.792451 -0.595302 0.132806 0.596937 0.801667 0.031560 -0.125254 0.054267 0.990639] 
3d 0 
fr 135839
ts 36842.981001
6d 1 [12 1.000][574.894 -352.957 431.094 -3.1355 -7.1954 -36.9899][0.792451 -0.595302 0.132806 0.596937 0.801667 0.031560 -0.125254 0.054267 0.990639] 
3d 0 
fr 135840
ts 36842.997665
6d 1 [12 1.000][574.894 -352.957 431.094 -3.1355 -7.1954 -36.9899][0.792451 -0.595302 0.132806 0.596937 0.801667 0.031560 -0.125254 0.054267 0.990639] 
3d 0 
fr 135841
ts 36843.014307
6d 1 [12 1.000][574.895 -352.989 431.096 -3.1355 -7.1949 -36.9897][0.792454 -0.595299 0.132799 0.596934 0.801670 0.031555 -0.125246 0.054267 0.990641] 
3d 0 
fr 135842
ts 36843.030969
6d 1 [12 1.000][574.890 -353.001 431.095 -3.1330 -7.1943 -36.9891][0.792461 -0.595297 0.132765 0.596927 0.801674 0.031581 -0.125234 0.054224 0.990644] 
3d 0 
fr 135843
ts 36843.047658
6d 1 [12 1.000][574.893 -352.970 431.092 -3.1291 -7.1877 -36.9901][0.792463 -0.595324 0.132633 0.596948 0.801658 0.031569 -0.125120 0.054158 0.990662] 
3d 0 
fr 135844
ts 36843.064320
6d 1 [12 1.000][574.893 -352.970 431.092 -3.1291 -7.1877 -36.9901][0.792463 -0.595324 0.132633 0.596948 0.801658 0.031569 -0.125120 0.054158 0.990662] 
3d 0 
fr 135845
ts 36843.081000
6d 1 [12 1.000][574.893 -352.970 431.092 -3.1291 -7.1877 -36.9901][0.792463 -0.595324 0.132633 0.596948 0.801658 0.031569 -0.125120 0.054158 0.990662] 
3d 0 
fr 135846
ts 36843.097665
6d 1 [12 1.000][574.844 -352.980 431.086 -3.1284 -7.1880 -36.9891][0.792472 -0.595312 0.132631 0.596935 0.801668 0.031581 -0.125126 0.054145 0.990662] 
3d 0 
fr 135847
ts 36843.114339
6d 1 [12 1.000][574.867 -353.002 431.087 -3.1261 -7.1939 -36.9846][0.792509 -0.595251 0.132690 0.596865 0.801717 0.031664 -0.125228 0.054104 0.990652] 
3d 0 
fr 135848
ts 36843.131000
6d 1 [12 1.000][574.867 -353.002 431.087 -3.1261 -7.1939 -36.9846][0.792509 -0.595251 0.132690 0.596865 0.801717 0.031664 -0.125228 0.054104 0.990652] 
3d 0 
fr 135849
ts 36843.147668
6d 1 [12 1.000][574.867 -353.002 431.087 -3.1261 -7.1939 -36.9846][0.792509 -0.595251 0.132690 0.596865 0.801717 0.031664 -0.125228 0.054104 0.990652] 
3d 0 
fr 135850
ts 36843.164330
6d 1 [12 1.000][574.854 -353.021 431.108 -3.1247 -7.1937 -36.9836][0.792520 -0.595240 0.132673 0.596851 0.801726 0.031679 -0.125224 0.054080 0.990653] 
3d 0 
fr 135851
ts 36843.180991
6d 1 [12 1.000][574.861 -353.001 431.109 -3.1180 -7.1945 -36.9766][0.792591 -0.595157 0.132619 0.596753 0.801796 0.031765 -0.125238 0.053964 0.990658] 
3d 0 
fr 135852
ts 36843.197653
6d 1 [12 1.000][574.861 -353.001 431.109 -3.1180 -7.1945 -36.9766][0.792591 -0.595157 0.132619 0.596753 0.801796 0.031765 -0.125238 0.053964 0.990658] 
3d 0 
fr 135853
ts 36843.214304
6d 1 [12 1.000][574.910 -352.904 431.126 -3.1181 -7.1938 -36.9780][0.792578 -0.595176 0.132610 0.596773 0.801781 0.031759 -0.125226 0.053967 0.990659] 
3d 0 
fr 135854
ts 36843.230970
6d 1 [12 1.000][574.871 -353.011 431.128 -3.1150 -7.1893 -36.9820][0.792544 -0.595243 0.132513 0.596834 0.801735 0.031766 -0.125149 0.053912 0.990672] 
3d 0 
fr 135855
ts 36843.247617
6d 1 [12 1.000][574.828 -353.034 431.045 -3.1156 -7.1899 -36.9823][0.792540 -0.595245 0.132527 0.596838 0.801733 0.031764 -0.125159 0.053923 0.990670] 
3d 0 
fr 135856
ts 36843.264279
6d 1 [12 1.000][574.862 -353.031 431.046 -3.1155 -7.1892 -36.9851][0.792512 -0.595285 0.132515 0.596877 0.801704 0.031763 -0.125146 0.053922 0.990672] 
3d 0 
fr 135857
ts 36843.280972
6d 1 [12 1.000][574.877 -353.009 431.080 -3.1158 -7.1907 -36.9859][0.792502 -0.595294 0.132539 0.596886 0.801696 0.031777 -0.125173 0.053927 0.990668] 
3d 0 
fr 135858
ts 36843.297633
6d 1 [12 1.000][574.897 -353.108 431.109 -3.1128 -7.1903 -36.9863][0.792498 -0.595307 0.132501 0.596893 0.801690 0.031815 -0.125165 0.053875 0.990672] 
3d 0 
fr 135859
ts 36843.314320
6d 1 [12 1.000][574.882 -353.207 431.112 -3.1056 -7.1932 -36.9846][0.792510 -0.595299 0.132467 0.596866 0.801705 0.031944 -0.125216 0.053749 0.990673] 
3d 0 
fr 135860
ts 36843.330981
6d 1 [12 1.000][574.888 -353.265 431.103 -3.0883 -7.1968 -36.9861][0.792489 -0.595356 0.132337 0.596881 0.801682 0.032226 -0.125279 0.053450 0.990681] 
3d 0 
fr 135861
ts 36843.347657
6d 1 [12 1.000][574.882 -353.272 431.076 -3.0785 -7.2062 -36.9859][0.792474 -0.595369 0.132365 0.596866 0.801684 0.032461 -0.125441 0.053280 0.990669] 
3d 0 
fr 135862
ts 36843.364323
6d 1 [12 1.000][574.879 -353.140 431.053 -3.0676 -7.2132 -36.9871][0.792450 -0.595405 0.132347 0.596873 0.801669 0.032689 -0.125562 0.053090 0.990664] 
3d 0 
fr 135863
ts 36843.380993
6d 1 [12 1.000][574.887 -353.124 431.076 -3.0728 -7.2339 -36.9881][0.792403 -0.595392 0.132687 0.596860 0.801673 0.032833 -0.125921 0.053178 0.990614] 
3d 0 
fr 135864
ts 36843.397654
6d 1 [12 1.000][574.882 -353.222 431.071 -3.0629 -7.2251 -36.9844][0.792457 -0.595370 0.132465 0.596820 0.801701 0.032872 -0.125768 0.053008 0.990642] 
3d 0 
fr 135865
ts 36843.414319
6d 1 [12 1.000][574.887 -353.213 431.079 -3.0674 -7.2251 -36.9838][0.792463 -0.595351 0.132512 0.596812 0.801710 0.032807 -0.125768 0.053086 0.990638] 
3d 0 
fr 135866
ts 36843.430982
6d 1 [12 1.000][574.878 -353.245 431.100 -3.0510 -7.2267 -36.9760][0.792542 -0.595279 0.132367 0.596702 0.801783 0.033036 -0.125795 0.052801 0.990650] 
3d 0 
fr 135867
ts 36843.447635
6d 1 [12 1.000][574.880 -353.237 431.084 -3.0814 -7.2315 -36.9707][0.792588 -0.595131 0.132754 0.596623 0.801857 0.032647 -0.125879 0.053328 0.990611] 
3d 0 
fr 135868
ts 36843.464301
6d 1 [12 1.000][574.878 -353.159 431.075 -3.0955 -7.2030 -36.9688][0.792658 -0.595093 0.132507 0.596634 0.801869 0.032150 -0.125385 0.053574 0.990661] 
3d 0 
fr 135869
ts 36843.480948
6d 1 [12 1.000][574.891 -353.232 431.079 -3.0826 -7.2259 -36.9685][0.792621 -0.595101 0.132689 0.596599 0.801878 0.032568 -0.125782 0.053348 0.990622] 
3d 0 
fr 135870
ts 36843.497613
6d 1 [12 1.000][574.884 -353.209 431.061 -3.0619 -7.2298 -36.9710][0.792588 -0.595181 0.132526 0.596629 0.801842 0.032904 -0.125849 0.052989 0.990633] 
3d 0 
fr 135871
ts 36843.514255
6d 1 [12 1.000][574.885 -353.146 431.065 -3.0592 -7.2371 -36.9735][0.792549 -0.595218 0.132598 0.596654 0.801818 0.033024 -0.125976 0.052942 0.990620] 
3d 0 
fr 135872
ts 36843.530919
6d 1 [12 1.000][574.887 -353.188 431.069 -3.0533 -7.2301 -36.9722][0.792575 -0.595219 0.132440 0.596646 0.801825 0.033030 -0.125854 0.052841 0.990641] 
3d 0 
fr 135873
ts 36843.547605
6d 1 [12 1.000][574.895 -353.212 431.067 -3.0533 -7.2387 -36.9705][0.792578 -0.595188 0.132560 0.596610 0.801848 0.033116 -0.126003 0.052840 0.990622] 
3d 0 
fr 135874
ts 36843.564271
6d 1 [12 1.000][574.891 -353.273 431.073 -3.0481 -7.2310 -36.9700][0.792596 -0.595198 0.132400 0.596614 0.801845 0.033108 -0.125870 0.052751 0.990643] 
3d 0 
fr 135875
ts 36843.580953
6d 1 [12 1.000][574.895 -353.212 431.071 -3.0500 -7.2362 -36.9726][0.792560 -0.595227 0.132490 0.596643 0.801822 0.033140 -0.125960 0.052784 0.990630] 
3d 0 
fr 135876
ts 36843.597614
6d 1 [12 1.000][574.890 -353.221 431.075 -3.0503 -7.2321 -36.9717][0.792576 -0.595217 0.132437 0.596636 0.801829 0.033092 -0.125889 0.052789 0.990639] 
3d 0 
fr 135877
ts 36843.614285
6d 1 [12 1.000][574.902 -353.095 431.080 -3.0508 -7.2319 -36.9727][0.792567 -0.595229 0.132439 0.596649 0.801820 0.033084 -0.125885 0.052798 0.990639] 
3d 0 
fr 135878
ts 36843.630952
6d 1 [12 1.000][574.886 -353.184 431.071 -3.0516 -7.2311 -36.9730][0.792565 -0.595233 0.132436 0.596655 0.801816 0.033066 -0.125872 0.052811 0.990640] 
3d 0 
fr 135879
ts 36843.647616
6d 1 [12 1.000][574.886 -353.189 431.066 -3.0564 -7.2312 -36.9734][0.792561 -0.595226 0.132487 0.596660 0.801815 0.033001 -0.125873 0.052895 0.990635] 
3d 0 
fr 135880
ts 36843.664282
6d 1 [12 1.000][574.872 -353.210 431.059 -3.0570 -7.2282 -36.9773][0.792525 -0.595282 0.132450 0.596718 0.801773 0.032971 -0.125822 0.052905 0.990641] 
3d 0 
fr 135881
ts 36843.680944
6d 1 [12 1.000][574.877 -353.167 431.053 -3.0575 -7.2293 -36.9776][0.792520 -0.595284 0.132471 0.596721 0.801771 0.032975 -0.125841 0.052914 0.990638] 
3d 0 
fr 135882
ts 36843.697604
6d 1 [12 1.000][574.852 -353.203 431.052 -3.0574 -7.2284 -36.9770][0.792528 -0.595277 0.132458 0.596714 0.801776 0.032966 -0.125826 0.052913 0.990640] 
3d 0 
fr 135883
ts 36843.714260
6d 1 [12 1.000][574.863 -353.240 431.060 -3.0616 -7.2322 -36.9768][0.792523 -0.595262 0.132554 0.596707 0.801783 0.032946 -0.125891 0.052985 0.990628] 
3d 0 
fr 135884
ts 36843.730922
6d 1 [12 1.000][574.858 -353.211 431.143 -3.0608 -7.2316 -36.9770][0.792523 -0.595266 0.132536 0.596709 0.801781 0.032951 -0.125880 0.052971 0.990630] 
3d 0 
fr 135885
ts 36843.747569
6d 1 [12 1.000][574.868 -353.204 431.108 -3.0614 -7.2302 -36.9775][0.792519 -0.595274 0.132523 0.596719 0.801774 0.032931 -0.125856 0.052981 0.990633] 
3d 0 
fr 135886
ts 36843.764232
6d 1 [12 1.000][574.866 -353.209 431.104 -3.0605 -7.2280 -36.9779][0.792520 -0.595282 0.132483 0.596726 0.801769 0.032921 -0.125818 0.052966 0.990638] 
3d 0 
fr 135887
ts 36843.780872
6d 1 [12 1.000][574.876 -353.194 431.114 -3.0643 -7.2267 -36.9797][0.792503 -0.595300 0.132504 0.596753 0.801752 0.032859 -0.125796 0.053032 0.990638] 
3d 0 
fr 135888
ts 36843.797533
6d 1 [12 1.000][574.876 -353.190 431.093 -3.0604 -7.2202 -36.9818][0.792492 -0.595344 0.132372 0.596792 0.801723 0.032850 -0.125683 0.052965 0.990656] 
3d 0 
fr 135889
ts 36843.814219
6d 1 [12 1.000][574.876 -353.190 431.093 -3.0604 -7.2202 -36.9818][0.792492 -0.595344 0.132372 0.596792 0.801723 0.032850 -0.125683 0.052965 0.990656] 
3d 0 
fr 135890
ts 36843.830880
6d 1 [12 1.000][574.876 -353.190 431.093 -3.0604 -7.2202 -36.9818][0.792492 -0.595344 0.132372 0.596792 0.801723 0.032850 -0.125683 0.052965 0.990656] 
3d 0 
fr 135891
ts 36843.847560
6d 1 [12 1.000][574.877 -353.056 431.075 -3.0620 -7.2211 -36.9827][0.792481 -0.595352 0.132401 0.596803 0.801715 0.032839 -0.125699 0.052993 0.990652] 
3d 0 
fr 135892
ts 36843.864219
6d 1 [12 1.000][574.876 -353.156 431.077 -3.0695 -7.2244 -36.9867][0.792434 -0.595387 0.132522 0.596853 0.801681 0.032777 -0.125755 0.053122 0.990638] 
3d 0 
fr 135893
ts 36843.880893
6d 1 [12 1.000][574.891 -353.107 431.086 -3.0709 -7.2235 -36.9872][0.792430 -0.595392 0.132524 0.596862 0.801676 0.032750 -0.125741 0.053146 0.990639] 
3d 0 
fr 135894
ts 36843.897556
6d 1 [12 1.000][574.898 -353.134 431.096 -3.0744 -7.2195 -36.9908][0.792400 -0.595437 0.132503 0.596917 0.801638 0.032668 -0.125671 0.053207 0.990644] 
3d 0 
fr 135895
ts 36843.914221
6d 1 [12 1.000][574.898 -353.134 431.096 -3.0744 -7.2195 -36.9908][0.792400 -0.595437 0.132503 0.596917 0.801638 0.032668 -0.125671 0.053207 0.990644] 
3d 0 
fr 135896
ts 36843.930884
6d 1 [12 1.000][574.892 -353.255 431.083 -3.0735 -7.2187 -36.9905][0.792404 -0.595436 0.132483 0.596913 0.801640 0.032671 -0.125657 0.053192 0.990647] 
3d 0 
fr 135897
ts 36843.947541
6d 1 [12 1.000][574.895 -353.192 431.080 -3.0732 -7.2202 -36.9899][0.792408 -0.595427 0.132501 0.596903 0.801647 0.032689 -0.125682 0.053187 0.990644] 
3d 0 
fr 135898
ts 36843.964203
6d 1 [12 1.000][574.889 -353.192 431.065 -3.0704 -7.2215 -36.9895][0.792410 -0.595427 0.132489 0.596896 0.801650 0.032741 -0.125705 0.053138 0.990644] 
3d 0 
fr 135899
ts 36843.980851
6d 1 [12 1.000][574.895 -353.155 431.067 -3.0685 -7.2204 -36.9885][0.792422 -0.595418 0.132456 0.596883 0.801659 0.032755 -0.125687 0.053105 0.990648] 
3d 0 
fr 135900
ts 36843.997516
6d 1 [12 1.000][574.895 -353.155 431.067 -3.0685 -7.2204 -36.9885][0.792422 -0.595418 0.132456 0.596883 0.801659 0.032755 -0.125687 0.053105 0.990648] 
3d 0 
fr 135901
ts 36844.014160
6d 1 [12 1.000][574.895 -353.155 431.067 -3.0685 -7.2204 -36.9885][0.792422 -0.595418 0.132456 0.596883 0.801659 0.032755 -0.125687 0.053105 0.990648] 
3d 0 
fr 135902
ts 36844.030822
6d 1 [12 1.000][574.886 -353.212 431.067 -3.0659 -7.2219 -36.9883][0.792421 -0.595421 0.132449 0.596879 0.801660 0.032806 -0.125713 0.053060 0.990647] 
3d 0 
fr 135903
ts 36844.047509
6d 1 [12 1.000][574.893 -353.179 431.060 -3.0551 -7.2332 -36.9917][0.792366 -0.595485 0.132490 0.596911 0.801625 0.033082 -0.125907 0.052872 0.990632] 
3d 0 
fr 135904
ts 36844.064173
6d 1 [12 1.000][574.891 -353.217 431.062 -3.0537 -7.2337 -36.9920][0.792362 -0.595492 0.132483 0.596915 0.801621 0.033108 -0.125917 0.052847 0.990632] 
3d 0 
fr 135905
ts 36844.080856
6d 1 [12 1.000][574.892 -353.181 431.068 -3.0491 -7.2390 -36.9936][0.792337 -0.595520 0.132508 0.596929 0.801606 0.033231 -0.126009 0.052767 0.990625] 
3d 0 
fr 135906
ts 36844.097518
6d 1 [12 1.000][574.892 -353.181 431.068 -3.0491 -7.2390 -36.9936][0.792337 -0.595520 0.132508 0.596929 0.801606 0.033231 -0.126009 0.052767 0.990625] 
3d 0 
fr 135907
ts 36844.114194
6d 1 [12 1.000][574.894 -353.073 431.063 -3.0504 -7.2391 -36.9941][0.792331 -0.595524 0.132521 0.596936 0.801601 0.033215 -0.126010 0.052790 0.990623] 
3d 0 
fr 135908
ts 36844.130854
6d 1 [12 1.000][574.891 -353.165 431.070 -3.0541 -7.2358 -36.9955][0.792323 -0.595538 0.132514 0.596960 0.801587 0.033131 -0.125953 0.052855 0.990627] 
3d 0 
fr 135909
ts 36844.147524
6d 1 [12 1.000][574.892 -353.138 431.064 -3.0573 -7.2359 -36.9947][0.792331 -0.595519 0.132550 0.596949 0.801597 0.033086 -0.125955 0.052910 0.990624] 
3d 0 
fr 135910
ts 36844.164184
6d 1 [12 1.000][574.885 -353.168 431.066 -3.0613 -7.2331 -36.9923][0.792360 -0.595479 0.132554 0.596920 0.801622 0.032995 -0.125907 0.052980 0.990626] 
3d 0 
fr 135911
ts 36844.180847
6d 1 [12 1.000][574.885 -353.168 431.066 -3.0613 -7.2331 -36.9923][0.792360 -0.595479 0.132554 0.596920 0.801622 0.032995 -0.125907 0.052980 0.990626] 
3d 0 
fr 135912
ts 36844.197510
6d 1 [12 1.000][574.889 -353.222 431.074 -3.0610 -7.2326 -36.9920][0.792364 -0.595476 0.132544 0.596916 0.801625 0.032993 -0.125897 0.052975 0.990628] 
3d 0 
fr 135913
ts 36844.214163
6d 1 [12 1.000][574.896 -353.167 431.075 -3.0655 -7.2335 -36.9895][0.792389 -0.595429 0.132605 0.596880 0.801654 0.032934 -0.125913 0.053053 0.990622] 
3d 0 
fr 135914
ts 36844.230825
6d 1 [12 1.000][574.890 -353.211 431.073 -3.0657 -7.2330 -36.9890][0.792395 -0.595422 0.132600 0.596874 0.801659 0.032926 -0.125905 0.053055 0.990623] 
3d 0 
fr 135915
ts 36844.247469
6d 1 [12 1.000][574.887 -353.179 431.080 -3.0672 -7.2317 -36.9877][0.792410 -0.595402 0.132599 0.596858 0.801672 0.032888 -0.125882 0.053082 0.990624] 
3d 0 
fr 135916
ts 36844.264135
6d 1 [12 1.000][574.887 -353.179 431.080 -3.0672 -7.2317 -36.9877][0.792410 -0.595402 0.132599 0.596858 0.801672 0.032888 -0.125882 0.053082 0.990624] 
3d 0 
fr 135917
ts 36844.280772
6d 1 [12 1.000][574.887 -353.179 431.080 -3.0672 -7.2317 -36.9877][0.792410 -0.595402 0.132599 0.596858 0.801672 0.032888 -0.125882 0.053082 0.990624] 
3d 0 
fr 135918
ts 36844.297438
6d 1 [12 1.000][574.880 -353.350 431.092 -3.0643 -7.2306 -36.9869][0.792421 -0.595398 0.132553 0.596848 0.801679 0.032916 -0.125862 0.053031 0.990629] 
3d 0 
fr 135919
ts 36844.314122
6d 1 [12 1.000][574.886 -353.264 431.092 -3.0684 -7.2240 -36.9794][0.792511 -0.595288 0.132510 0.596752 0.801756 0.032771 -0.125749 0.053104 0.990640] 
3d 0 
fr 135920
ts 36844.330787
6d 1 [12 1.000][574.886 -353.264 431.092 -3.0684 -7.2240 -36.9794][0.792511 -0.595288 0.132510 0.596752 0.801756 0.032771 -0.125749 0.053104 0.990640] 
3d 0 
fr 135921
ts 36844.347464
6d 1 [12 1.000][574.891 -353.143 431.075 -3.0678 -7.2244 -36.9802][0.792501 -0.595301 0.132508 0.596764 0.801747 0.032786 -0.125755 0.053093 0.990640] 
3d 0 
fr 135922
ts 36844.364124
6d 1 [12 1.000][574.878 -353.231 431.028 -3.0657 -7.2254 -36.9808][0.792494 -0.595313 0.132500 0.596770 0.801740 0.032828 -0.125773 0.053056 0.990639] 
3d 0 
fr 135923
ts 36844.380800
6d 1 [12 1.000][574.876 -353.219 431.030 -3.0674 -7.2249 -36.9811][0.792491 -0.595314 0.132510 0.596775 0.801738 0.032800 -0.125765 0.053085 0.990639] 
3d 0 
fr 135924
ts 36844.397461
6d 1 [12 1.000][574.866 -353.251 431.038 -3.0612 -7.2252 -36.9801][0.792501 -0.595314 0.132450 0.596761 0.801745 0.032887 -0.125769 0.052978 0.990644] 
3d 0 
fr 135925
ts 36844.414124
6d 1 [12 1.000][574.880 -353.234 431.057 -3.0574 -7.2288 -36.9851][0.792442 -0.595391 0.132457 0.596826 0.801692 0.032989 -0.125831 0.052912 0.990640] 
3d 0 
fr 135926
ts 36844.430788
6d 1 [12 1.000][574.880 -353.234 431.057 -3.0574 -7.2288 -36.9851][0.792442 -0.595391 0.132457 0.596826 0.801692 0.032989 -0.125831 0.052912 0.990640] 
3d 0 
fr 135927
ts 36844.447447
6d 1 [12 1.000][574.880 -353.234 431.057 -3.0574 -7.2288 -36.9851][0.792442 -0.595391 0.132457 0.596826 0.801692 0.032989 -0.125831 0.052912 0.990640] 
3d 0 
fr 135928
ts 36844.464109
6d 1 [12 1.000][574.870 -353.213 431.100 -3.0565 -7.2284 -36.9844][0.792451 -0.595382 0.132444 0.596816 0.801700 0.032997 -0.125826 0.052896 0.990641] 
3d 0 
fr 135929
ts 36844.480756
6d 1 [12 1.000][574.873 -353.137 431.094 -3.0588 -7.2279 -36.9833][0.792463 -0.595362 0.132461 0.596802 0.801712 0.032955 -0.125816 0.052937 0.990640] 
3d 0 
fr 135930
ts 36844.497422
6d 1 [12 1.000][574.866 -353.214 431.088 -3.0507 -7.2277 -36.9779][0.792520 -0.595306 0.132378 0.596727 0.801763 0.033055 -0.125813 0.052797 0.990648] 
3d 0 
fr 135931
ts 36844.514063
6d 1 [12 1.000][574.863 -353.175 431.085 -3.0511 -7.2287 -36.9775][0.792522 -0.595299 0.132395 0.596721 0.801768 0.033059 -0.125830 0.052803 0.990646] 
3d 0 
fr 135932
ts 36844.530730
6d 1 [12 1.000][574.860 -353.205 431.090 -3.0519 -7.2296 -36.9762][0.792534 -0.595278 0.132416 0.596702 0.801782 0.033054 -0.125845 0.052817 0.990643] 
3d 0 
fr 135933
ts 36844.547419
6d 1 [12 1.000][574.872 -353.162 431.090 -3.0527 -7.2304 -36.9770][0.792524 -0.595286 0.132436 0.596711 0.801775 0.033052 -0.125860 0.052832 0.990640] 
3d 0 
fr 135934
ts 36844.564081
6d 1 [12 1.000][574.864 -353.195 431.085 -3.0534 -7.2336 -36.9790][0.792498 -0.595310 0.132486 0.596734 0.801757 0.033082 -0.125916 0.052842 0.990633] 
3d 0 
fr 135935
ts 36844.580764
6d 1 [12 1.000][574.864 -353.195 431.085 -3.0534 -7.2336 -36.9790][0.792498 -0.595310 0.132486 0.596734 0.801757 0.033082 -0.125916 0.052842 0.990633] 
3d 0 
fr 135936
ts 36844.597425
6d 1 [12 1.000][574.864 -353.195 431.085 -3.0534 -7.2336 -36.9790][0.792498 -0.595310 0.132486 0.596734 0.801757 0.033082 -0.125916 0.052842 0.990633] 
3d 0 
fr 135937
ts 36844.614101
6d 1 [12 1.000][574.888 -353.109 431.075 -3.0546 -7.2347 -36.9794][0.792491 -0.595313 0.132514 0.596739 0.801753 0.033077 -0.125935 0.052863 0.990629] 
3d 0 
fr 135938
ts 36844.630763
6d 1 [12 1.000][574.884 -353.169 431.042 -3.0547 -7.2364 -36.9794][0.792489 -0.595311 0.132538 0.596737 0.801754 0.033093 -0.125963 0.052865 0.990625] 
3d 0 
fr 135939
ts 36844.647432
6d 1 [12 1.000][574.892 -353.149 431.064 -3.0634 -7.2437 -36.9836][0.792432 -0.595344 0.132728 0.596785 0.801720 0.033057 -0.126091 0.053014 0.990601] 
3d 0 
fr 135940
ts 36844.664093
6d 1 [12 1.000][574.892 -353.149 431.064 -3.0634 -7.2437 -36.9836][0.792432 -0.595344 0.132728 0.596785 0.801720 0.033057 -0.126091 0.053014 0.990601] 
3d 0 
fr 135941
ts 36844.680755
6d 1 [12 1.000][574.892 -353.149 431.064 -3.0634 -7.2437 -36.9836][0.792432 -0.595344 0.132728 0.596785 0.801720 0.033057 -0.126091 0.053014 0.990601] 
3d 0 
fr 135942
ts 36844.697417
6d 1 [12 1.000][574.892 -353.149 431.064 -3.0634 -7.2437 -36.9836][0.792432 -0.595344 0.132728 0.596785 0.801720 0.033057 -0.126091 0.053014 0.990601] 
3d 0 
fr 135943
ts 36844.714073
6d 1 [12 1.000][574.885 -353.271 431.076 -3.0647 -7.2422 -36.9826][0.792446 -0.595328 0.132720 0.596773 0.801731 0.033020 -0.126064 0.053037 0.990603] 
3d 0 
fr 135944
ts 36844.730735
6d 1 [12 1.000][574.878 -353.289 431.075 -3.0649 -7.2341 -36.9815][0.792471 -0.595319 0.132611 0.596769 0.801737 0.032931 -0.125923 0.053041 0.990621] 
3d 0 
fr 135945
ts 36844.747380
6d 1 [12 1.000][574.882 -353.230 431.068 -3.0671 -7.2381 -36.9812][0.792467 -0.595306 0.132689 0.596759 0.801744 0.032941 -0.125992 0.053079 0.990610] 
3d 0 
fr 135946
ts 36844.764045
6d 1 [12 1.000][574.878 -353.147 431.070 -3.0666 -7.2332 -36.9825][0.792462 -0.595330 0.132615 0.596784 0.801727 0.032900 -0.125908 0.053070 0.990621] 
3d 0 
fr 135947
ts 36844.780686
6d 1 [12 1.000][574.873 -353.223 431.066 -3.0673 -7.2314 -36.9787][0.792505 -0.595276 0.132601 0.596734 0.801766 0.032864 -0.125877 0.053083 0.990625] 
3d 0 
fr 135948
ts 36844.797348
6d 1 [12 1.000][574.861 -353.203 431.060 -3.0708 -7.2191 -36.9760][0.792554 -0.595239 0.132468 0.596713 0.801789 0.032679 -0.125663 0.053146 0.990648] 
3d 0 
fr 135949
ts 36844.814034
6d 1 [12 1.000][574.862 -353.125 431.063 -3.0710 -7.2189 -36.9759][0.792556 -0.595237 0.132467 0.596711 0.801791 0.032675 -0.125660 0.053148 0.990649] 
3d 0 
fr 135950
ts 36844.830696
6d 1 [12 1.000][574.861 -353.161 431.073 -3.0683 -7.2177 -36.9763][0.792554 -0.595250 0.132424 0.596718 0.801784 0.032701 -0.125641 0.053102 0.990654] 
3d 0 
fr 135951
ts 36844.847376
6d 1 [12 1.000][574.849 -353.313 431.065 -3.0676 -7.2213 -36.9743][0.792569 -0.595221 0.132466 0.596686 0.801807 0.032744 -0.125702 0.053089 0.990647] 
3d 0 
fr 135952
ts 36844.864037
6d 1 [12 1.000][574.844 -353.316 431.082 -3.0637 -7.2184 -36.9720][0.792597 -0.595200 0.132386 0.596659 0.801826 0.032763 -0.125651 0.053022 0.990657] 
3d 0 
fr 135953
ts 36844.880706
6d 1 [12 1.000][574.847 -353.220 431.079 -3.0598 -7.2211 -36.9707][0.792607 -0.595188 0.132384 0.596636 0.801840 0.032841 -0.125698 0.052955 0.990654] 
3d 0 
fr 135954
ts 36844.897372
6d 1 [12 1.000][574.847 -353.220 431.079 -3.0598 -7.2211 -36.9707][0.792607 -0.595188 0.132384 0.596636 0.801840 0.032841 -0.125698 0.052955 0.990654] 
3d 0 
fr 135955
ts 36844.914036
6d 1 [12 1.000][574.847 -353.220 431.079 -3.0598 -7.2211 -36.9707][0.792607 -0.595188 0.132384 0.596636 0.801840 0.032841 -0.125698 0.052955 0.990654] 
3d 0 
fr 135956
ts 36844.930700
6d 1 [12 1.000][574.847 -353.220 431.079 -3.0598 -7.2211 -36.9707][0.792607 -0.595188 0.132384 0.596636 0.801840 0.032841 -0.125698 0.052955 0.990654] 
3d 0 
fr 135957
ts 36844.947358
6d 1 [12 1.000][574.859 -353.183 431.098 -3.0598 -7.2203 -36.9703][0.792612 -0.595184 0.132374 0.596632 0.801843 0.032834 -0.125685 0.052954 0.990656] 
3d 0 
fr 135958
ts 36844.964020
6d 1 [12 1.000][574.851 -353.219 431.099 -3.0548 -7.2189 -36.9668][0.792651 -0.595147 0.132305 0.596585 0.801876 0.032880 -0.125660 0.052869 0.990664] 
3d 0 
fr 135959
ts 36844.980667
6d 1 [12 1.000][574.851 -353.219 431.099 -3.0548 -7.2189 -36.9668][0.792651 -0.595147 0.132305 0.596585 0.801876 0.032880 -0.125660 0.052869 0.990664] 
3d 0 
fr 135960
ts 36844.997333
6d 1 [12 1.000][574.851 -353.219 431.099 -3.0548 -7.2189 -36.9668][0.792651 -0.595147 0.132305 0.596585 0.801876 0.032880 -0.125660 0.052869 0.990664] 
3d 0 
fr 135961
ts 36845.013974
6d 1 [12 1.000][574.851 -353.219 431.099 -3.0548 -7.2189 -36.9668][0.792651 -0.595147 0.132305 0.596585 0.801876 0.032880 -0.125660 0.052869 0.990664] 
3d 0 
fr 135962
ts 36845.030640
6d 1 [12 1.000][574.848 -353.205 431.059 -3.0554 -7.2193 -36.9673][0.792645 -0.595153 0.132317 0.596592 0.801871 0.032876 -0.125667 0.052880 0.990662] 
3d 0 
fr 135963
ts 36845.047331
6d 1 [12 1.000][574.842 -353.214 431.026 -3.0594 -7.2213 -36.9668][0.792646 -0.595135 0.132385 0.596583 0.801879 0.032841 -0.125702 0.052948 0.990654] 
3d 0 
fr 135964
ts 36845.063992
6d 1 [12 1.000][574.842 -353.299 431.009 -3.0593 -7.2225 -36.9663][0.792650 -0.595127 0.132403 0.596573 0.801886 0.032853 -0.125723 0.052947 0.990651] 
3d 0 
fr 135965
ts 36845.080667
6d 1 [12 1.000][574.848 -353.234 431.001 -3.0645 -7.2262 -36.9663][0.792643 -0.595113 0.132506 0.596569 0.801890 0.032819 -0.125786 0.053035 0.990639] 
3d 0 
fr 135966
ts 36845.097337
6d 1 [12 1.000][574.843 -353.228 431.006 -3.0615 -7.2280 -36.9691][0.792611 -0.595157 0.132499 0.596605 0.801861 0.032886 -0.125818 0.052984 0.990637] 
3d 0 
fr 135967
ts 36845.114012
6d 1 [12 1.000][574.846 -353.176 431.024 -3.0749 -7.2343 -36.9684][0.792607 -0.595111 0.132726 0.596587 0.801880 0.032762 -0.125927 0.053215 0.990611] 
3d 0 
fr 135968
ts 36845.130676
6d 1 [12 1.000][574.846 -353.176 431.024 -3.0749 -7.2343 -36.9684][0.792607 -0.595111 0.132726 0.596587 0.801880 0.032762 -0.125927 0.053215 0.990611] 
3d 0 
fr 135969
ts 36845.147344
6d 1 [12 1.000][574.846 -353.176 431.024 -3.0749 -7.2343 -36.9684][0.792607 -0.595111 0.132726 0.596587 0.801880 0.032762 -0.125927 0.053215 0.990611] 
3d 0 
fr 135970
ts 36845.164006
6d 1 [12 1.000][574.847 -353.228 431.057 -3.0736 -7.2343 -36.9690][0.792601 -0.595124 0.132711 0.596596 0.801872 0.032783 -0.125927 0.053191 0.990612] 
3d 0 
fr 135971
ts 36845.180666
6d 1 [12 1.000][574.856 -353.228 431.064 -3.0717 -7.2356 -36.9695][0.792593 -0.595134 0.132710 0.596601 0.801867 0.032823 -0.125950 0.053159 0.990611] 
3d 0 
fr 135972
ts 36845.197329
6d 1 [12 1.000][574.848 -353.230 431.071 -3.0692 -7.2337 -36.9697][0.792595 -0.595143 0.132657 0.596606 0.801862 0.032838 -0.125916 0.053116 0.990618] 
3d 0 
fr 135973
ts 36845.213986
6d 1 [12 1.000][574.854 -353.233 431.050 -3.0616 -7.2368 -36.9733][0.792552 -0.595209 0.132619 0.596651 0.801822 0.032986 -0.125971 0.052984 0.990618] 
3d 0 
fr 135974
ts 36845.230647
6d 1 [12 1.000][574.852 -353.251 431.086 -3.0613 -7.2351 -36.9733][0.792555 -0.595211 0.132593 0.596653 0.801821 0.032973 -0.125941 0.052979 0.990622] 
3d 0 
fr 135975
ts 36845.247296
6d 1 [12 1.000][574.866 -353.240 431.067 -3.0601 -7.2308 -36.9739][0.792556 -0.595225 0.132520 0.596668 0.801812 0.032946 -0.125866 0.052959 0.990633] 
3d 0 
fr 135976
ts 36845.263958
6d 1 [12 1.000][574.866 -353.240 431.067 -3.0601 -7.2308 -36.9739][0.792556 -0.595225 0.132520 0.596668 0.801812 0.032946 -0.125866 0.052959 0.990633] 
3d 0 
fr 135977
ts 36845.280595
6d 1 [12 1.000][574.866 -353.240 431.067 -3.0601 -7.2308 -36.9739][0.792556 -0.595225 0.132520 0.596668 0.801812 0.032946 -0.125866 0.052959 0.990633] 
3d 0 
fr 135978
ts 36845.297262
6d 1 [12 1.000][574.866 -353.240 431.067 -3.0601 -7.2308 -36.9739][0.792556 -0.595225 0.132520 0.596668 0.801812 0.032946 -0.125866 0.052959 0.990633] 
3d 0 
fr 135979
ts 36845.313948
6d 1 [12 1.000][574.876 -353.207 431.092 -3.0611 -7.2288 -36.9746][0.792553 -0.595234 0.132503 0.596680 0.801804 0.032914 -0.125833 0.052976 0.990636] 
3d 0 
fr 135980
ts 36845.330610
6d 1 [12 1.000][574.869 -353.202 431.092 -3.0648 -7.2153 -36.9776][0.792545 -0.595278 0.132353 0.596740 0.801767 0.032727 -0.125598 0.053042 0.990662] 
3d 0 
fr 135981
ts 36845.347287
6d 1 [12 1.000][574.869 -353.202 431.092 -3.0648 -7.2153 -36.9776][0.792545 -0.595278 0.132353 0.596740 0.801767 0.032727 -0.125598 0.053042 0.990662] 
3d 0 
fr 135982
ts 36845.363953
6d 1 [12 1.000][574.869 -353.202 431.092 -3.0648 -7.2153 -36.9776][0.792545 -0.595278 0.132353 0.596740 0.801767 0.032727 -0.125598 0.053042 0.990662] 
3d 0 
fr 135983
ts 36845.380624
6d 1 [12 1.000][574.873 -353.095 431.081 -3.0644 -7.2170 -36.9781][0.792536 -0.595285 0.132371 0.596744 0.801763 0.032753 -0.125627 0.053034 0.990659] 
3d 0 
fr 135984
ts 36845.397287
6d 1 [12 1.000][574.881 -353.195 431.087 -3.0596 -7.2237 -36.9792][0.792513 -0.595306 0.132414 0.596751 0.801752 0.032891 -0.125743 0.052952 0.990649] 
3d 0 
fr 135985
ts 36845.413952
6d 1 [12 1.000][574.881 -353.195 431.087 -3.0596 -7.2237 -36.9792][0.792513 -0.595306 0.132414 0.596751 0.801752 0.032891 -0.125743 0.052952 0.990649] 
3d 0 
fr 135986
ts 36845.430614
6d 1 [12 1.000][574.889 -353.308 431.093 -3.0583 -7.2230 -36.9802][0.792504 -0.595324 0.132390 0.596766 0.801741 0.032905 -0.125732 0.052928 0.990651] 
3d 0 
fr 135987
ts 36845.447273
6d 1 [12 1.000][574.897 -353.188 431.080 -3.0587 -7.2250 -36.9819][0.792483 -0.595345 0.132421 0.596786 0.801725 0.032923 -0.125766 0.052936 0.990647] 
3d 0 
fr 135988
ts 36845.463935
6d 1 [12 1.000][574.884 -353.197 431.083 -3.0536 -7.2251 -36.9903][0.792396 -0.595474 0.132364 0.596902 0.801635 0.033016 -0.125767 0.052846 0.990651] 
3d 0 
fr 135989
ts 36845.480586
6d 1 [12 1.000][574.884 -353.197 431.083 -3.0536 -7.2251 -36.9903][0.792396 -0.595474 0.132364 0.596902 0.801635 0.033016 -0.125767 0.052846 0.990651] 
3d 0 
fr 135990
ts 36845.497249
6d 1 [12 1.000][574.884 -353.197 431.083 -3.0536 -7.2251 -36.9903][0.792396 -0.595474 0.132364 0.596902 0.801635 0.033016 -0.125767 0.052846 0.990651] 
3d 0 
fr 135991
ts 36845.513891
6d 1 [12 1.000][574.884 -353.197 431.083 -3.0536 -7.2251 -36.9903][0.792396 -0.595474 0.132364 0.596902 0.801635 0.033016 -0.125767 0.052846 0.990651] 
3d 0 
fr 135992
ts 36845.530556
6d 1 [12 1.000][574.884 -353.197 431.083 -3.0536 -7.2251 -36.9903][0.792396 -0.595474 0.132364 0.596902 0.801635 0.033016 -0.125767 0.052846 0.990651] 
3d 0 
fr 135993
ts 36845.547243
6d 1 [12 1.000][574.884 -353.197 431.083 -3.0536 -7.2251 -36.9903][0.792396 -0.595474 0.132364 0.596902 0.801635 0.033016 -0.125767 0.052846 0.990651] 
3d 0 
fr 135994
ts 36845.563909
6d 1 [12 1.000][574.884 -353.197 431.083 -3.0536 -7.2251 -36.9903][0.792396 -0.595474 0.132364 0.596902 0.801635 0.033016 -0.125767 0.052846 0.990651] 
3d 0 
fr 135995
ts 36845.580592
6d 1 [12 1.000][574.884 -353.197 431.083 -3.0536 -7.2251 -36.9903][0.792396 -0.595474 0.132364 0.596902 0.801635 0.033016 -0.125767 0.052846 0.990651] 
3d 0 
fr 135996
ts 36845.597254
6d 1 [12 1.000][574.884 -353.197 431.083 -3.0536 -7.2251 -36.9903][0.792396 -0.595474 0.132364 0.596902 0.801635 0.033016 -0.125767 0.052846 0.990651] 
3d 0 
fr 135997
ts 36845.613926
6d 1 [12 1.000][574.876 -353.245 431.055 -3.0542 -7.2256 -36.9897][0.792400 -0.595464 0.132378 0.596894 0.801641 0.033011 -0.125776 0.052857 0.990649] 
3d 0 
fr 135998
ts 36845.630592
6d 1 [12 1.000][574.874 -353.298 431.064 -3.0526 -7.2243 -36.9885][0.792415 -0.595452 0.132345 0.596878 0.801652 0.033017 -0.125755 0.052830 0.990654] 
3d 0 
fr 135999
ts 36845.647262
6d 1 [12 1.000][574.879 -353.233 431.060 -3.0540 -7.2269 -36.9876][0.792420 -0.595435 0.132394 0.596863 0.801663 0.033022 -0.125798 0.052854 0.990647] 
3d 0 
fr 136000
ts 36845.663923
6d 1 [12 1.000][574.860 -353.275 431.049 -3.0532 -7.2266 -36.9841][0.792457 -0.595387 0.132385 0.596815 0.801699 0.033022 -0.125794 0.052841 0.990648] 
3d 0 
fr 136001
ts 36845.680586
6d 1 [12 1.000][574.858 -353.232 431.045 -3.0551 -7.2298 -36.9801][0.792493 -0.595325 0.132451 0.596755 0.801744 0.033021 -0.125850 0.052872 0.990639] 
3d 0 
fr 136002
ts 36845.697247
6d 1 [12 1.000][574.866 -353.142 431.057 -3.0549 -7.2301 -36.9803][0.792490 -0.595328 0.132452 0.596758 0.801742 0.033027 -0.125854 0.052868 0.990639] 
3d 0 
fr 136003
ts 36845.713902
6d 1 [12 1.000][574.873 -353.081 431.054 -3.0570 -7.2299 -36.9809][0.792485 -0.595331 0.132472 0.596765 0.801737 0.032996 -0.125851 0.052906 0.990637] 
3d 0 
fr 136004
ts 36845.730566
6d 1 [12 1.000][574.862 -353.186 431.062 -3.0573 -7.2253 -36.9805][0.792497 -0.595329 0.132412 0.596767 0.801738 0.032943 -0.125772 0.052912 0.990647] 
3d 0 
fr 136005
ts 36845.747211
6d 1 [12 1.000][574.857 -353.171 431.062 -3.0597 -7.2284 -36.9813][0.792483 -0.595332 0.132479 0.596774 0.801733 0.032943 -0.125825 0.052953 0.990638] 
3d 0 
fr 136006
ts 36845.763875
6d 1 [12 1.000][574.858 -353.199 431.064 -3.0622 -7.2244 -36.9820][0.792483 -0.595339 0.132449 0.596788 0.801725 0.032868 -0.125755 0.052996 0.990645] 
3d 0 
fr 136007
ts 36845.780518
6d 1 [12 1.000][574.858 -353.199 431.064 -3.0622 -7.2244 -36.9820][0.792483 -0.595339 0.132449 0.596788 0.801725 0.032868 -0.125755 0.052996 0.990645] 
3d 0 
fr 136008
ts 36845.797179
6d 1 [12 1.000][574.860 -353.255 431.067 -3.0621 -7.2241 -36.9806][0.792498 -0.595319 0.132445 0.596769 0.801740 0.032864 -0.125751 0.052994 0.990645] 
3d 0 
fr 136009
ts 36845.813867
6d 1 [12 1.000][574.864 -353.204 431.065 -3.0665 -7.2231 -36.9736][0.792572 -0.595212 0.132481 0.596674 0.801814 0.032775 -0.125733 0.053071 0.990644] 
3d 0 
fr 136010
ts 36845.830528
6d 1 [12 1.000][574.853 -353.241 431.072 -3.0661 -7.2226 -36.9730][0.792580 -0.595205 0.132470 0.596666 0.801820 0.032775 -0.125724 0.053064 0.990645] 
3d 0 
fr 136011
ts 36845.847206
6d 1 [12 1.000][574.866 -353.195 431.067 -3.0666 -7.2233 -36.9694][0.792616 -0.595154 0.132487 0.596616 0.801858 0.032766 -0.125737 0.053073 0.990643] 
3d 0 
fr 136012
ts 36845.863870
6d 1 [12 1.000][574.866 -353.195 431.067 -3.0666 -7.2233 -36.9694][0.792616 -0.595154 0.132487 0.596616 0.801858 0.032766 -0.125737 0.053073 0.990643] 
3d 0 
fr 136013
ts 36845.880540
6d 1 [12 1.000][574.866 -353.195 431.067 -3.0666 -7.2233 -36.9694][0.792616 -0.595154 0.132487 0.596616 0.801858 0.032766 -0.125737 0.053073 0.990643] 
3d 0 
fr 136014
ts 36845.897204
6d 1 [12 1.000][574.866 -353.195 431.067 -3.0666 -7.2233 -36.9694][0.792616 -0.595154 0.132487 0.596616 0.801858 0.032766 -0.125737 0.053073 0.990643] 
3d 0 
fr 136015
ts 36845.913867
6d 1 [12 1.000][574.866 -353.195 431.067 -3.0666 -7.2233 -36.9694][0.792616 -0.595154 0.132487 0.596616 0.801858 0.032766 -0.125737 0.053073 0.990643] 
3d 0 
fr 136016
ts 36845.930533
6d 1 [12 1.000][574.878 -353.214 431.129 -3.0666 -7.2226 -36.9694][0.792617 -0.595154 0.132477 0.596616 0.801858 0.032760 -0.125725 0.053072 0.990644] 
3d 0 
fr 136017
ts 36845.947189
6d 1 [12 1.000][574.876 -353.308 431.096 -3.0659 -7.2234 -36.9681][0.792630 -0.595136 0.132481 0.596597 0.801872 0.032775 -0.125738 0.053060 0.990643] 
3d 0 
fr 136018
ts 36845.963854
6d 1 [12 1.000][574.872 -353.291 431.079 -3.0652 -7.2223 -36.9656][0.792657 -0.595104 0.132460 0.596564 0.801896 0.032767 -0.125719 0.053048 0.990647] 
3d 0 
fr 136019
ts 36845.980507
6d 1 [12 1.000][574.872 -353.291 431.079 -3.0652 -7.2223 -36.9656][0.792657 -0.595104 0.132460 0.596564 0.801896 0.032767 -0.125719 0.053048 0.990647] 
3d 0 
fr 136020
ts 36845.997168
6d 1 [12 1.000][574.872 -353.291 431.079 -3.0652 -7.2223 -36.9656][0.792657 -0.595104 0.132460 0.596564 0.801896 0.032767 -0.125719 0.053048 0.990647] 
3d 0 
fr 136021
ts 36846.013815
6d 1 [12 1.000][574.876 -353.096 431.073 -3.0661 -7.2226 -36.9663][0.792649 -0.595112 0.132474 0.596574 0.801889 0.032760 -0.125725 0.053063 0.990645] 
3d 0 
fr 136022
ts 36846.030476
6d 1 [12 1.000][574.874 -353.242 431.083 -3.0636 -7.2220 -36.9674][0.792639 -0.595133 0.132438 0.596589 0.801876 0.032790 -0.125714 0.053021 0.990649] 
3d 0 
fr 136023
ts 36846.047162
6d 1 [12 1.000][574.877 -353.142 431.065 -3.0653 -7.2225 -36.9686][0.792625 -0.595146 0.132463 0.596606 0.801865 0.032775 -0.125723 0.053049 0.990646] 
3d 0 
fr 136024
ts 36846.063829
6d 1 [12 1.000][574.876 -353.141 431.015 -3.0669 -7.2218 -36.9708][0.792604 -0.595174 0.132467 0.596637 0.801842 0.032751 -0.125710 0.053077 0.990646] 
3d 0 
fr 136025
ts 36846.080512
6d 1 [12 1.000][574.876 -353.167 431.050 -3.0674 -7.2249 -36.9724][0.792582 -0.595192 0.132515 0.596655 0.801828 0.032778 -0.125764 0.053086 0.990639] 
3d 0 
fr 136026
ts 36846.097174
6d 1 [12 1.000][574.870 -353.269 431.060 -3.0646 -7.2234 -36.9738][0.792570 -0.595219 0.132465 0.596676 0.801811 0.032806 -0.125739 0.053038 0.990645] 
3d 0 
fr 136027
ts 36846.113851
6d 1 [12 1.000][574.870 -353.206 431.061 -3.0744 -7.2270 -36.9830][0.792467 -0.595323 0.132611 0.596799 0.801723 0.032727 -0.125800 0.053207 0.990628] 
3d 0 
fr 136028
ts 36846.130512
6d 1 [12 1.000][574.870 -353.206 431.061 -3.0744 -7.2270 -36.9830][0.792467 -0.595323 0.132611 0.596799 0.801723 0.032727 -0.125800 0.053207 0.990628] 
3d 0 
fr 136029
ts 36846.147179
6d 1 [12 1.000][574.876 -353.102 431.057 -3.0740 -7.2284 -36.9833][0.792462 -0.595327 0.132626 0.596801 0.801721 0.032748 -0.125825 0.053199 0.990625] 
3d 0 
fr 136030
ts 36846.163845
6d 1 [12 1.000][574.868 -353.179 431.053 -3.0659 -7.2317 -36.9845][0.792444 -0.595360 0.132587 0.596813 0.801705 0.032899 -0.125882 0.053059 0.990625] 
3d 0 
fr 136031
ts 36846.180506
6d 1 [12 1.000][574.868 -353.179 431.053 -3.0659 -7.2317 -36.9845][0.792444 -0.595360 0.132587 0.596813 0.801705 0.032899 -0.125882 0.053059 0.990625] 
3d 0 
fr 136032
ts 36846.197169
6d 1 [12 1.000][574.875 -353.138 431.058 -3.0667 -7.2311 -36.9848][0.792442 -0.595363 0.132587 0.596819 0.801702 0.032882 -0.125872 0.053074 0.990626] 
3d 0 
fr 136033
ts 36846.213825
6d 1 [12 1.000][574.878 -353.120 431.056 -3.0681 -7.2328 -36.9855][0.792431 -0.595368 0.132625 0.596826 0.801696 0.032882 -0.125901 0.053098 0.990621] 
3d 0 
fr 136034
ts 36846.230486
6d 1 [12 1.000][574.872 -353.240 431.053 -3.0658 -7.2327 -36.9850][0.792437 -0.595367 0.132599 0.596819 0.801700 0.032911 -0.125899 0.053058 0.990623] 
3d 0 
fr 136035
ts 36846.247136
6d 1 [12 1.000][574.881 -353.174 431.063 -3.0718 -7.2342 -36.9879][0.792404 -0.595392 0.132680 0.596857 0.801675 0.032851 -0.125925 0.053160 0.990614] 
3d 0 
fr 136036
ts 36846.263797
6d 1 [12 1.000][574.880 -353.251 431.069 -3.0704 -7.2336 -36.9876][0.792408 -0.595391 0.132659 0.596854 0.801677 0.032862 -0.125916 0.053137 0.990617] 
3d 0 
fr 136037
ts 36846.280441
6d 1 [12 1.000][574.884 -353.199 431.066 -3.0712 -7.2330 -36.9869][0.792416 -0.595380 0.132659 0.596845 0.801684 0.032844 -0.125905 0.053151 0.990617] 
3d 0 
fr 136038
ts 36846.297102
6d 1 [12 1.000][574.878 -353.304 431.073 -3.0687 -7.2290 -36.9855][0.792438 -0.595369 0.132578 0.596831 0.801695 0.032835 -0.125835 0.053107 0.990629] 
3d 0 
fr 136039
ts 36846.313789
6d 1 [12 1.000][574.881 -353.245 431.080 -3.0668 -7.2283 -36.9841][0.792454 -0.595355 0.132549 0.596813 0.801708 0.032851 -0.125823 0.053074 0.990632] 
3d 0 
fr 136040
ts 36846.330451
6d 1 [12 1.000][574.868 -353.238 431.079 -3.0646 -7.2224 -36.9848][0.792457 -0.595374 0.132444 0.596830 0.801696 0.032821 -0.125721 0.053037 0.990647] 
3d 0 
fr 136041
ts 36846.347128
6d 1 [12 1.000][574.868 -353.203 431.076 -3.0613 -7.2187 -36.9816][0.792497 -0.595339 0.132361 0.596790 0.801726 0.032821 -0.125657 0.052981 0.990658] 
3d 0 
fr 136042
ts 36846.363794
6d 1 [12 1.000][574.868 -353.203 431.076 -3.0613 -7.2187 -36.9816][0.792497 -0.595339 0.132361 0.596790 0.801726 0.032821 -0.125657 0.052981 0.990658] 
3d 0 
fr 136043
ts 36846.380462
6d 1 [12 1.000][574.868 -353.203 431.076 -3.0613 -7.2187 -36.9816][0.792497 -0.595339 0.132361 0.596790 0.801726 0.032821 -0.125657 0.052981 0.990658] 
3d 0 
fr 136044
ts 36846.397128
6d 1 [12 1.000][574.868 -353.203 431.076 -3.0613 -7.2187 -36.9816][0.792497 -0.595339 0.132361 0.596790 0.801726 0.032821 -0.125657 0.052981 0.990658] 
3d 0 
fr 136045
ts 36846.413793
6d 1 [12 1.000][574.868 -353.203 431.076 -3.0613 -7.2187 -36.9816][0.792497 -0.595339 0.132361 0.596790 0.801726 0.032821 -0.125657 0.052981 0.990658] 
3d 0 
fr 136046
ts 36846.430456
6d 1 [12 1.000][574.868 -353.203 431.076 -3.0613 -7.2187 -36.9816][0.792497 -0.595339 0.132361 0.596790 0.801726 0.032821 -0.125657 0.052981 0.990658] 
3d 0 
fr 136047
ts 36846.447116
6d 1 [12 1.000][574.868 -353.203 431.076 -3.0613 -7.2187 -36.9816][0.792497 -0.595339 0.132361 0.596790 0.801726 0.032821 -0.125657 0.052981 0.990658] 
3d 0 
fr 136048
ts 36846.463777
6d 1 [12 1.000][574.868 -353.203 431.076 -3.0613 -7.2187 -36.9816][0.792497 -0.595339 0.132361 0.596790 0.801726 0.032821 -0.125657 0.052981 0.990658] 
3d 0 
fr 136049
ts 36846.480431
6d 1 [12 1.000][574.861 -353.179 431.062 -3.0627 -7.2189 -36.9815][0.792497 -0.595335 0.132379 0.596789 0.801727 0.032803 -0.125661 0.053006 0.990656] 
3d 0 
fr 136050
ts 36846.497093
6d 1 [12 1.000][574.852 -353.219 431.065 -3.0666 -7.2171 -36.9796][0.792521 -0.595300 0.132395 0.596765 0.801749 0.032726 -0.125630 0.053072 0.990657] 
3d 0 
fr 136051
ts 36846.513737
6d 1 [12 1.000][574.856 -353.180 431.063 -3.0676 -7.2171 -36.9797][0.792520 -0.595299 0.132406 0.596766 0.801748 0.032712 -0.125629 0.053091 0.990656] 
3d 0 
fr 136052
ts 36846.530399
6d 1 [12 1.000][574.852 -353.222 431.049 -3.0705 -7.2172 -36.9801][0.792516 -0.595298 0.132437 0.596771 0.801746 0.032674 -0.125632 0.053140 0.990653] 
3d 0 
fr 136053
ts 36846.547091
6d 1 [12 1.000][574.852 -353.222 431.049 -3.0705 -7.2172 -36.9801][0.792516 -0.595298 0.132437 0.596771 0.801746 0.032674 -0.125632 0.053140 0.990653] 
3d 0 
fr 136054
ts 36846.563754
6d 1 [12 1.000][574.852 -353.222 431.049 -3.0705 -7.2172 -36.9801][0.792516 -0.595298 0.132437 0.596771 0.801746 0.032674 -0.125632 0.053140 0.990653] 
3d 0 
fr 136055
ts 36846.580432
6d 1 [12 1.000][574.852 -353.222 431.049 -3.0705 -7.2172 -36.9801][0.792516 -0.595298 0.132437 0.596771 0.801746 0.032674 -0.125632 0.053140 0.990653] 
3d 0 
fr 136056
ts 36846.597099
6d 1 [12 1.000][574.852 -353.222 431.049 -3.0705 -7.2172 -36.9801][0.792516 -0.595298 0.132437 0.596771 0.801746 0.032674 -0.125632 0.053140 0.990653] 
3d 0 
fr 136057
ts 36846.613776
6d 1 [12 1.000][574.867 -353.171 431.055 -3.0714 -7.2183 -36.9794][0.792520 -0.595286 0.132462 0.596761 0.801754 0.032670 -0.125650 0.053156 0.990650] 
3d 0 
fr 136058
ts 36846.630437
6d 1 [12 1.000][574.865 -353.165 431.062 -3.0707 -7.2184 -36.9795][0.792519 -0.595289 0.132457 0.596762 0.801752 0.032682 -0.125653 0.053144 0.990650] 
3d 0 
fr 136059
ts 36846.647108
6d 1 [12 1.000][574.871 -353.180 431.064 -3.0757 -7.2214 -36.9750][0.792561 -0.595212 0.132552 0.596696 0.801804 0.032634 -0.125705 0.053229 0.990639] 
3d 0 
fr 136060
ts 36846.663763
6d 1 [12 1.000][574.871 -353.180 431.064 -3.0757 -7.2214 -36.9750][0.792561 -0.595212 0.132552 0.596696 0.801804 0.032634 -0.125705 0.053229 0.990639] 
3d 0 
fr 136061
ts 36846.680433
6d 1 [12 1.000][574.871 -353.180 431.064 -3.0757 -7.2214 -36.9750][0.792561 -0.595212 0.132552 0.596696 0.801804 0.032634 -0.125705 0.053229 0.990639] 
3d 0 
fr 136062
ts 36846.697093
6d 1 [12 1.000][574.871 -353.180 431.064 -3.0757 -7.2214 -36.9750][0.792561 -0.595212 0.132552 0.596696 0.801804 0.032634 -0.125705 0.053229 0.990639] 
3d 0 
fr 136063
ts 36846.713747
6d 1 [12 1.000][574.871 -353.180 431.064 -3.0757 -7.2214 -36.9750][0.792561 -0.595212 0.132552 0.596696 0.801804 0.032634 -0.125705 0.053229 0.990639] 
3d 0 
fr 136064
ts 36846.730412
6d 1 [12 1.000][574.871 -353.180 431.064 -3.0757 -7.2214 -36.9750][0.792561 -0.595212 0.132552 0.596696 0.801804 0.032634 -0.125705 0.053229 0.990639] 
3d 0 
fr 136065
ts 36846.747061
6d 1 [12 1.000][574.871 -353.180 431.064 -3.0757 -7.2214 -36.9750][0.792561 -0.595212 0.132552 0.596696 0.801804 0.032634 -0.125705 0.053229 0.990639] 
3d 0 
fr 136066
ts 36846.763724
6d 1 [12 1.000][574.874 -353.241 431.074 -3.0756 -7.2218 -36.9749][0.792561 -0.595211 0.132556 0.596694 0.801805 0.032638 -0.125710 0.053227 0.990638] 
3d 0 
fr 136067
ts 36846.780361
6d 1 [12 1.000][574.871 -353.185 431.068 -3.0775 -7.2328 -36.9754][0.792537 -0.595205 0.132728 0.596686 0.801807 0.032727 -0.125901 0.053260 0.990612] 
3d 0 
fr 136068
ts 36846.797026
6d 1 [12 1.000][574.866 -353.308 431.073 -3.0776 -7.2295 -36.9749][0.792547 -0.595201 0.132684 0.596684 0.801810 0.032690 -0.125845 0.053262 0.990619] 
3d 0 
fr 136069
ts 36846.813711
6d 1 [12 1.000][574.869 -353.234 431.062 -3.0805 -7.2287 -36.9739][0.792560 -0.595180 0.132703 0.596671 0.801822 0.032639 -0.125830 0.053311 0.990618] 
3d 0 
fr 136070
ts 36846.830377
6d 1 [12 1.000][574.859 -353.296 431.075 -3.0770 -7.2239 -36.9719][0.792589 -0.595164 0.132602 0.596649 0.801838 0.032633 -0.125747 0.053252 0.990632] 
3d 0 
fr 136071
ts 36846.847053
6d 1 [12 1.000][574.869 -353.207 431.074 -3.0843 -7.2130 -36.9699][0.792629 -0.595127 0.132528 0.596636 0.801857 0.032414 -0.125559 0.053379 0.990649] 
3d 0 
fr 136072
ts 36846.863720
6d 1 [12 1.000][574.869 -353.207 431.074 -3.0843 -7.2130 -36.9699][0.792629 -0.595127 0.132528 0.596636 0.801857 0.032414 -0.125559 0.053379 0.990649] 
3d 0 
fr 136073
ts 36846.880393
6d 1 [12 1.000][574.864 -353.103 431.056 -3.0842 -7.2135 -36.9710][0.792616 -0.595142 0.132534 0.596651 0.801846 0.032422 -0.125567 0.053378 0.990648] 
3d 0 
fr 136074
ts 36846.897055
6d 1 [12 1.000][574.868 -353.203 431.063 -3.0787 -7.2106 -36.9763][0.792567 -0.595230 0.132434 0.596727 0.801786 0.032481 -0.125517 0.053284 0.990659] 
3d 0 
fr 136075
ts 36846.913721
6d 1 [12 1.000][574.864 -353.218 431.022 -3.0786 -7.2118 -36.9771][0.792556 -0.595241 0.132448 0.596737 0.801779 0.032497 -0.125538 0.053281 0.990657] 
3d 0 
fr 136076
ts 36846.930384
6d 1 [12 1.000][574.870 -353.222 431.057 -3.0753 -7.2147 -36.9820][0.792500 -0.595316 0.132451 0.596801 0.801727 0.032585 -0.125588 0.053223 0.990654] 
3d 0 
fr 136077
ts 36846.947043
6d 1 [12 1.000][574.870 -353.222 431.057 -3.0753 -7.2147 -36.9820][0.792500 -0.595316 0.132451 0.596801 0.801727 0.032585 -0.125588 0.053223 0.990654] 
3d 0 
fr 136078
ts 36846.963705
6d 1 [12 1.000][574.870 -353.222 431.057 -3.0753 -7.2147 -36.9820][0.792500 -0.595316 0.132451 0.596801 0.801727 0.032585 -0.125588 0.053223 0.990654] 
3d 0 
fr 136079
ts 36846.980357
6d 1 [12 1.000][574.870 -353.222 431.057 -3.0753 -7.2147 -36.9820][0.792500 -0.595316 0.132451 0.596801 0.801727 0.032585 -0.125588 0.053223 0.990654] 
3d 0 
fr 136080
ts 36846.997020
6d 1 [12 1.000][574.864 -353.242 431.129 -3.0734 -7.2144 -36.9812][0.792509 -0.595309 0.132427 0.596790 0.801735 0.032606 -0.125582 0.053191 0.990656] 
3d 0 
fr 136081
ts 36847.013666
6d 1 [12 1.000][574.862 -353.236 431.082 -3.0630 -7.2194 -36.9765][0.792549 -0.595263 0.132392 0.596719 0.801780 0.032793 -0.125670 0.053011 0.990655] 
3d 0 
fr 136082
ts 36847.030327
6d 1 [12 1.000][574.855 -353.236 431.002 -3.0622 -7.2203 -36.9756][0.792557 -0.595252 0.132396 0.596706 0.801789 0.032811 -0.125684 0.052997 0.990654] 
3d 0 
fr 136083
ts 36847.047015
6d 1 [12 1.000][574.860 -353.230 431.046 -3.0592 -7.2233 -36.9721][0.792588 -0.595208 0.132408 0.596653 0.801826 0.032876 -0.125736 0.052945 0.990650] 
3d 0 
fr 136084
ts 36847.063680
6d 1 [12 1.000][574.860 -353.230 431.046 -3.0592 -7.2233 -36.9721][0.792588 -0.595208 0.132408 0.596653 0.801826 0.032876 -0.125736 0.052945 0.990650] 
3d 0 
fr 136085
ts 36847.080365
6d 1 [12 1.000][574.860 -353.230 431.046 -3.0592 -7.2233 -36.9721][0.792588 -0.595208 0.132408 0.596653 0.801826 0.032876 -0.125736 0.052945 0.990650] 
3d 0 
fr 136086
ts 36847.097027
6d 1 [12 1.000][574.860 -353.230 431.046 -3.0592 -7.2233 -36.9721][0.792588 -0.595208 0.132408 0.596653 0.801826 0.032876 -0.125736 0.052945 0.990650] 
3d 0 
fr 136087
ts 36847.113704
6d 1 [12 1.000][574.860 -353.230 431.046 -3.0592 -7.2233 -36.9721][0.792588 -0.595208 0.132408 0.596653 0.801826 0.032876 -0.125736 0.052945 0.990650] 
3d 0 
fr 136088
ts 36847.130366
6d 1 [12 1.000][574.860 -353.230 431.046 -3.0592 -7.2233 -36.9721][0.792588 -0.595208 0.132408 0.596653 0.801826 0.032876 -0.125736 0.052945 0.990650] 
3d 0 
fr 136089
ts 36847.147032
6d 1 [12 1.000][574.860 -353.230 431.046 -3.0592 -7.2233 -36.9721][0.792588 -0.595208 0.132408 0.596653 0.801826 0.032876 -0.125736 0.052945 0.990650] 
3d 0 
fr 136090
ts 36847.163697
6d 1 [12 1.000][574.860 -353.230 431.046 -3.0592 -7.2233 -36.9721][0.792588 -0.595208 0.132408 0.596653 0.801826 0.032876 -0.125736 0.052945 0.990650] 
3d 0 
fr 136091
ts 36847.180358
6d 1 [12 1.000][574.874 -353.201 431.047 -3.0608 -7.2247 -36.9725][0.792581 -0.595209 0.132444 0.596657 0.801823 0.032870 -0.125761 0.052972 0.990645] 
3d 0 
fr 136092
ts 36847.197023
6d 1 [12 1.000][574.868 -353.239 431.044 -3.0646 -7.2365 -36.9694][0.792593 -0.595148 0.132649 0.596598 0.801864 0.032932 -0.125966 0.053036 0.990616] 
3d 0 
fr 136093
ts 36847.213678
6d 1 [12 1.000][574.866 -353.306 431.038 -3.0647 -7.2375 -36.9699][0.792586 -0.595154 0.132663 0.596604 0.801859 0.032942 -0.125983 0.053037 0.990614] 
3d 0 
fr 136094
ts 36847.230341
6d 1 [12 1.000][574.865 -353.284 431.035 -3.0657 -7.2386 -36.9740][0.792541 -0.595208 0.132686 0.596659 0.801818 0.032948 -0.126001 0.053055 0.990610] 
3d 0 
fr 136095
ts 36847.246991
6d 1 [12 1.000][574.865 -353.284 431.035 -3.0657 -7.2386 -36.9740][0.792541 -0.595208 0.132686 0.596659 0.801818 0.032948 -0.126001 0.053055 0.990610] 
3d 0 
fr 136096
ts 36847.263653
6d 1 [12 1.000][574.857 -353.280 431.015 -3.0654 -7.2390 -36.9733][0.792548 -0.595199 0.132689 0.596649 0.801825 0.032955 -0.126008 0.053050 0.990610] 
3d 0 
fr 136097
ts 36847.280296
6d 1 [12 1.000][574.871 -353.105 431.079 -3.0679 -7.2377 -36.9736][0.792547 -0.595198 0.132696 0.596654 0.801823 0.032909 -0.125986 0.053092 0.990610] 
3d 0 
fr 136098
ts 36847.296956
6d 1 [12 1.000][574.857 -353.207 431.050 -3.0653 -7.2369 -36.9738][0.792547 -0.595207 0.132658 0.596658 0.801819 0.032936 -0.125972 0.053048 0.990614] 
3d 0 
fr 136099
ts 36847.313644
6d 1 [12 1.000][574.853 -353.190 431.020 -3.0672 -7.2376 -36.9735][0.792548 -0.595199 0.132688 0.596653 0.801824 0.032917 -0.125984 0.053080 0.990611] 
3d 0 
fr 136100
ts 36847.330306
6d 1 [12 1.000][574.856 -353.204 431.044 -3.0629 -7.2366 -36.9735][0.792549 -0.595210 0.132630 0.596655 0.801820 0.032966 -0.125967 0.053007 0.990617] 
3d 0 
fr 136101
ts 36847.346988
6d 1 [12 1.000][574.860 -353.183 431.031 -3.0583 -7.2433 -36.9765][0.792507 -0.595257 0.132673 0.596688 0.801790 0.033107 -0.126083 0.052927 0.990607] 
3d 0 
fr 136102
ts 36847.363651
6d 1 [12 1.000][574.861 -353.206 431.037 -3.0591 -7.2380 -36.9754][0.792527 -0.595244 0.132608 0.596680 0.801799 0.033038 -0.125990 0.052941 0.990618] 
3d 0 
fr 136103
ts 36847.380319
6d 1 [12 1.000][574.861 -353.206 431.037 -3.0591 -7.2380 -36.9754][0.792527 -0.595244 0.132608 0.596680 0.801799 0.033038 -0.125990 0.052941 0.990618] 
3d 0 
fr 136104
ts 36847.396985
6d 1 [12 1.000][574.863 -353.303 431.045 -3.0582 -7.2383 -36.9748][0.792533 -0.595237 0.132603 0.596671 0.801805 0.033053 -0.125996 0.052925 0.990618] 
3d 0 
fr 136105
ts 36847.413647
6d 1 [12 1.000][574.866 -353.215 431.035 -3.0557 -7.2431 -36.9744][0.792529 -0.595234 0.132644 0.596659 0.801810 0.033136 -0.126079 0.052882 0.990610] 
3d 0 
fr 136106
ts 36847.430313
6d 1 [12 1.000][574.860 -353.255 431.046 -3.0558 -7.2417 -36.9742][0.792534 -0.595231 0.132626 0.596657 0.801812 0.033120 -0.126055 0.052884 0.990613] 
3d 0 
fr 136107
ts 36847.446973
6d 1 [12 1.000][574.864 -353.249 431.043 -3.0574 -7.2415 -36.9741][0.792535 -0.595227 0.132639 0.596657 0.801814 0.033096 -0.126051 0.052911 0.990612] 
3d 0 
fr 136108
ts 36847.463635
6d 1 [12 1.000][574.856 -353.241 431.058 -3.0580 -7.2346 -36.9723][0.792566 -0.595206 0.132552 0.596641 0.801829 0.033011 -0.125932 0.052922 0.990626] 
3d 0 
fr 136109
ts 36847.480285
6d 1 [12 1.000][574.856 -353.241 431.058 -3.0580 -7.2346 -36.9723][0.792566 -0.595206 0.132552 0.596641 0.801829 0.033011 -0.125932 0.052922 0.990626] 
3d 0 
fr 136110
ts 36847.496950
6d 1 [12 1.000][574.859 -353.278 431.097 -3.0569 -7.2334 -36.9722][0.792569 -0.595207 0.132523 0.596641 0.801829 0.033014 -0.125912 0.052903 0.990630] 
3d 0 
fr 136111
ts 36847.513597
6d 1 [12 1.000][574.864 -353.234 431.078 -3.0532 -7.2299 -36.9740][0.792557 -0.595244 0.132436 0.596670 0.801806 0.033035 -0.125852 0.052839 0.990641] 
3d 0 
fr 136112
ts 36847.530259
6d 1 [12 1.000][574.864 -353.234 431.078 -3.0532 -7.2299 -36.9740][0.792557 -0.595244 0.132436 0.596670 0.801806 0.033035 -0.125852 0.052839 0.990641] 
3d 0 
fr 136113
ts 36847.546950
6d 1 [12 1.000][574.864 -353.234 431.078 -3.0532 -7.2299 -36.9740][0.792557 -0.595244 0.132436 0.596670 0.801806 0.033035 -0.125852 0.052839 0.990641] 
3d 0 
fr 136114
ts 36847.563611
6d 1 [12 1.000][574.864 -353.234 431.078 -3.0532 -7.2299 -36.9740][0.792557 -0.595244 0.132436 0.596670 0.801806 0.033035 -0.125852 0.052839 0.990641] 
3d 0 
fr 136115
ts 36847.580293
6d 1 [12 1.000][574.868 -353.123 431.070 -3.0543 -7.2301 -36.9746][0.792550 -0.595250 0.132449 0.596679 0.801800 0.033022 -0.125854 0.052858 0.990640] 
3d 0 
fr 136116
ts 36847.596958
6d 1 [12 1.000][574.868 -353.203 431.070 -3.0592 -7.2270 -36.9763][0.792538 -0.595264 0.132457 0.596706 0.801784 0.032924 -0.125801 0.052944 0.990642] 
3d 0 
fr 136117
ts 36847.613631
6d 1 [12 1.000][574.868 -353.203 431.070 -3.0592 -7.2270 -36.9763][0.792538 -0.595264 0.132457 0.596706 0.801784 0.032924 -0.125801 0.052944 0.990642] 
3d 0 
fr 136118
ts 36847.630297
6d 1 [12 1.000][574.868 -353.203 431.070 -3.0592 -7.2270 -36.9763][0.792538 -0.595264 0.132457 0.596706 0.801784 0.032924 -0.125801 0.052944 0.990642] 
3d 0 
fr 136119
ts 36847.646968
6d 1 [12 1.000][574.868 -353.203 431.070 -3.0592 -7.2270 -36.9763][0.792538 -0.595264 0.132457 0.596706 0.801784 0.032924 -0.125801 0.052944 0.990642] 
3d 0 
fr 136120
ts 36847.663630
6d 1 [12 1.000][574.864 -353.270 431.061 -3.0582 -7.2280 -36.9764][0.792535 -0.595267 0.132460 0.596706 0.801783 0.032949 -0.125817 0.052927 0.990641] 
3d 0 
fr 136121
ts 36847.680293
6d 1 [12 1.000][574.873 -353.192 431.060 -3.0538 -7.2365 -36.9787][0.792496 -0.595303 0.132531 0.596726 0.801762 0.033104 -0.125965 0.052849 0.990626] 
3d 0 
fr 136122
ts 36847.696956
6d 1 [12 1.000][574.873 -353.192 431.060 -3.0538 -7.2365 -36.9787][0.792496 -0.595303 0.132531 0.596726 0.801762 0.033104 -0.125965 0.052849 0.990626] 
3d 0 
fr 136123
ts 36847.713612
6d 1 [12 1.000][574.873 -353.192 431.060 -3.0538 -7.2365 -36.9787][0.792496 -0.595303 0.132531 0.596726 0.801762 0.033104 -0.125965 0.052849 0.990626] 
3d 0 
fr 136124
ts 36847.730273
6d 1 [12 1.000][574.865 -353.349 431.075 -3.0536 -7.2344 -36.9789][0.792498 -0.595308 0.132499 0.596732 0.801758 0.033086 -0.125928 0.052846 0.990631] 
3d 0 
fr 136125
ts 36847.746923
6d 1 [12 1.000][574.860 -353.229 431.074 -3.0556 -7.2265 -36.9834][0.792464 -0.595372 0.132409 0.596805 0.801708 0.032987 -0.125793 0.052882 0.990646] 
3d 0 
fr 136126
ts 36847.763585
6d 1 [12 1.000][574.851 -353.220 431.080 -3.0556 -7.2254 -36.9831][0.792469 -0.595369 0.132394 0.596803 0.801710 0.032975 -0.125774 0.052881 0.990649] 
3d 0 
fr 136127
ts 36847.780229
6d 1 [12 1.000][574.854 -353.208 431.066 -3.0583 -7.2212 -36.9813][0.792495 -0.595341 0.132364 0.596784 0.801728 0.032889 -0.125700 0.052928 0.990655] 
3d 0 
fr 136128
ts 36847.796890
6d 1 [12 1.000][574.854 -353.208 431.066 -3.0583 -7.2212 -36.9813][0.792495 -0.595341 0.132364 0.596784 0.801728 0.032889 -0.125700 0.052928 0.990655] 
3d 0 
fr 136129
ts 36847.813574
6d 1 [12 1.000][574.851 -353.092 431.058 -3.0597 -7.2215 -36.9821][0.792486 -0.595349 0.132384 0.596794 0.801721 0.032874 -0.125706 0.052953 0.990653] 
3d 0 
fr 136130
ts 36847.830239
6d 1 [12 1.000][574.848 -353.197 431.054 -3.0660 -7.2203 -36.9844][0.792465 -0.595367 0.132431 0.596828 0.801700 0.032778 -0.125685 0.053063 0.990650] 
3d 0 
fr 136131
ts 36847.846921
6d 1 [12 1.000][574.848 -353.197 431.054 -3.0660 -7.2203 -36.9844][0.792465 -0.595367 0.132431 0.596828 0.801700 0.032778 -0.125685 0.053063 0.990650] 
3d 0 
fr 136132
ts 36847.863584
6d 1 [12 1.000][574.848 -353.197 431.054 -3.0660 -7.2203 -36.9844][0.792465 -0.595367 0.132431 0.596828 0.801700 0.032778 -0.125685 0.053063 0.990650] 
3d 0 
fr 136133
ts 36847.880257
6d 1 [12 1.000][574.893 -353.131 431.059 -3.0677 -7.2205 -36.9847][0.792462 -0.595366 0.132451 0.596830 0.801698 0.032757 -0.125688 0.053092 0.990648] 
3d 0 
fr 136134
ts 36847.896919
6d 1 [12 1.000][574.864 -353.334 431.090 -3.0663 -7.2198 -36.9835][0.792476 -0.595353 0.132426 0.596815 0.801710 0.032767 -0.125675 0.053067 0.990651] 
3d 0 
fr 136135
ts 36847.913583
6d 1 [12 1.000][574.871 -353.138 431.061 -3.0745 -7.2245 -36.9830][0.792472 -0.595325 0.132577 0.596803 0.801721 0.032701 -0.125758 0.053208 0.990633] 
3d 0 
fr 136136
ts 36847.930248
6d 1 [12 1.000][574.871 -353.138 431.061 -3.0745 -7.2245 -36.9830][0.792472 -0.595325 0.132577 0.596803 0.801721 0.032701 -0.125758 0.053208 0.990633] 
3d 0 
fr 136137
ts 36847.946908
6d 1 [12 1.000][574.865 -353.177 431.101 -3.0734 -7.2248 -36.9832][0.792470 -0.595329 0.132570 0.596804 0.801719 0.032720 -0.125763 0.053189 0.990633] 
3d 0 
fr 136138
ts 36847.963571
6d 1 [12 1.000][574.859 -353.275 431.088 -3.0655 -7.2230 -36.9834][0.792471 -0.595352 0.132464 0.596810 0.801712 0.032811 -0.125732 0.053054 0.990645] 
3d 0 
fr 136139
ts 36847.980223
6d 1 [12 1.000][574.864 -353.189 431.071 -3.0647 -7.2257 -36.9846][0.792454 -0.595368 0.132491 0.596823 0.801700 0.032853 -0.125778 0.053040 0.990640] 
3d 0 
fr 136140
ts 36847.996885
6d 1 [12 1.000][574.864 -353.189 431.071 -3.0647 -7.2257 -36.9846][0.792454 -0.595368 0.132491 0.596823 0.801700 0.032853 -0.125778 0.053040 0.990640] 
3d 0 
fr 136141
ts 36848.013530
6d 1 [12 1.000][574.864 -353.189 431.071 -3.0647 -7.2257 -36.9846][0.792454 -0.595368 0.132491 0.596823 0.801700 0.032853 -0.125778 0.053040 0.990640] 
3d 0 
fr 136142
ts 36848.030195
6d 1 [12 1.000][574.864 -353.189 431.071 -3.0647 -7.2257 -36.9846][0.792454 -0.595368 0.132491 0.596823 0.801700 0.032853 -0.125778 0.053040 0.990640] 
3d 0 
fr 136143
ts 36848.046885
6d 1 [12 1.000][574.864 -353.189 431.071 -3.0647 -7.2257 -36.9846][0.792454 -0.595368 0.132491 0.596823 0.801700 0.032853 -0.125778 0.053040 0.990640] 
3d 0 
fr 136144
ts 36848.063545
6d 1 [12 1.000][574.864 -353.189 431.071 -3.0647 -7.2257 -36.9846][0.792454 -0.595368 0.132491 0.596823 0.801700 0.032853 -0.125778 0.053040 0.990640] 
3d 0 
fr 136145
ts 36848.080232
6d 1 [12 1.000][574.865 -353.284 431.061 -3.0649 -7.2256 -36.9841][0.792458 -0.595361 0.132493 0.596816 0.801705 0.032848 -0.125777 0.053043 0.990639] 
3d 0 
fr 136146
ts 36848.096893
6d 1 [12 1.000][574.861 -353.323 431.057 -3.0635 -7.2250 -36.9838][0.792463 -0.595360 0.132469 0.596813 0.801708 0.032861 -0.125766 0.053019 0.990642] 
3d 0 
fr 136147
ts 36848.113570
6d 1 [12 1.000][574.898 -353.228 431.062 -3.0647 -7.2250 -36.9845][0.792456 -0.595368 0.132482 0.596822 0.801701 0.032846 -0.125766 0.053040 0.990641] 
3d 0 
fr 136148
ts 36848.130233
6d 1 [12 1.000][574.870 -353.269 431.068 -3.0620 -7.2197 -36.9842][0.792468 -0.595374 0.132380 0.596825 0.801699 0.032828 -0.125674 0.052992 0.990655] 
3d 0 
fr 136149
ts 36848.146903
6d 1 [12 1.000][574.877 -353.238 431.059 -3.0613 -7.2211 -36.9831][0.792477 -0.595359 0.132393 0.596808 0.801711 0.032851 -0.125699 0.052980 0.990653] 
3d 0 
fr 136150
ts 36848.163565
6d 1 [12 1.000][574.877 -353.238 431.059 -3.0613 -7.2211 -36.9831][0.792477 -0.595359 0.132393 0.596808 0.801711 0.032851 -0.125699 0.052980 0.990653] 
3d 0 
fr 136151
ts 36848.180225
6d 1 [12 1.000][574.893 -353.110 431.063 -3.0608 -7.2210 -36.9839][0.792469 -0.595371 0.132386 0.596819 0.801703 0.032858 -0.125697 0.052972 0.990653] 
3d 0 
fr 136152
ts 36848.196891
6d 1 [12 1.000][574.898 -353.197 431.138 -3.0582 -7.2183 -36.9845][0.792468 -0.595387 0.132322 0.596830 0.801694 0.032867 -0.125650 0.052927 0.990662] 
3d 0 
fr 136153
ts 36848.213548
6d 1 [12 1.000][574.894 -353.197 431.072 -3.0587 -7.2205 -36.9838][0.792471 -0.595375 0.132357 0.596818 0.801703 0.032881 -0.125687 0.052936 0.990657] 
3d 0 
fr 136154
ts 36848.230209
6d 1 [12 1.000][574.813 -353.220 431.070 -3.0559 -7.2216 -36.9824][0.792483 -0.595361 0.132345 0.596798 0.801716 0.032929 -0.125708 0.052888 0.990657] 
3d 0 
fr 136155
ts 36848.246856
6d 1 [12 1.000][574.848 -353.231 431.065 -3.0510 -7.2200 -36.9855][0.792454 -0.595417 0.132270 0.596843 0.801680 0.032989 -0.125680 0.052802 0.990665] 
3d 0 
fr 136156
ts 36848.263521
6d 1 [12 1.000][574.834 -353.292 431.060 -3.0502 -7.2213 -36.9847][0.792461 -0.595406 0.132280 0.596829 0.801689 0.033011 -0.125703 0.052789 0.990663] 
3d 0 
fr 136157
ts 36848.280160
6d 1 [12 1.000][574.856 -353.235 431.061 -3.0519 -7.2229 -36.9837][0.792467 -0.595388 0.132320 0.596815 0.801700 0.033002 -0.125730 0.052818 0.990658] 
3d 0 
fr 136158
ts 36848.296825
6d 1 [12 1.000][574.827 -353.245 431.060 -3.0502 -7.2228 -36.9819][0.792487 -0.595366 0.132303 0.596789 0.801718 0.033020 -0.125729 0.052789 0.990659] 
3d 0 
fr 136159
ts 36848.313515
6d 1 [12 1.000][574.847 -353.221 431.059 -3.0505 -7.2334 -36.9763][0.792526 -0.595280 0.132455 0.596698 0.801782 0.033113 -0.125912 0.052793 0.990636] 
3d 0 
fr 136160
ts 36848.330176
6d 1 [12 1.000][574.847 -353.221 431.059 -3.0505 -7.2334 -36.9763][0.792526 -0.595280 0.132455 0.596698 0.801782 0.033113 -0.125912 0.052793 0.990636] 
3d 0 
fr 136161
ts 36848.346856
6d 1 [12 1.000][574.835 -353.292 431.062 -3.0511 -7.2329 -36.9759][0.792531 -0.595273 0.132455 0.596693 0.801787 0.033098 -0.125903 0.052804 0.990636] 
3d 0 
fr 136162
ts 36848.363521
6d 1 [12 1.000][574.825 -353.330 431.063 -3.0520 -7.2300 -36.9735][0.792562 -0.595239 0.132425 0.596663 0.801811 0.033050 -0.125853 0.052820 0.990642] 
3d 0 
fr 136163
ts 36848.380189
6d 1 [12 1.000][574.831 -353.259 431.054 -3.0563 -7.2279 -36.9693][0.792609 -0.595172 0.132443 0.596607 0.801856 0.032959 -0.125817 0.052893 0.990642] 
3d 0 
fr 136164
ts 36848.396857
6d 1 [12 1.000][574.835 -353.168 431.048 -3.0560 -7.2285 -36.9690][0.792611 -0.595168 0.132448 0.596603 0.801859 0.032968 -0.125827 0.052888 0.990641] 
3d 0 
fr 136165
ts 36848.413518
6d 1 [12 1.000][574.935 -353.071 431.045 -3.0586 -7.2305 -36.9705][0.792592 -0.595182 0.132503 0.596621 0.801846 0.032956 -0.125861 0.052934 0.990635] 
3d 0 
fr 136166
ts 36848.430185
6d 1 [12 1.000][574.851 -353.194 431.039 -3.0600 -7.2310 -36.9681][0.792616 -0.595145 0.132525 0.596588 0.801872 0.032935 -0.125869 0.052958 0.990632] 
3d 0 
fr 136167
ts 36848.446845
6d 1 [12 1.000][574.881 -353.266 431.030 -3.0600 -7.2325 -36.9689][0.792605 -0.595155 0.132545 0.596597 0.801864 0.032954 -0.125896 0.052957 0.990629] 
3d 0 
fr 136168
ts 36848.463508
6d 1 [12 1.000][574.842 -353.224 431.026 -3.0596 -7.2397 -36.9731][0.792549 -0.595209 0.132639 0.596645 0.801825 0.033044 -0.126021 0.052950 0.990613] 
3d 0 
fr 136169
ts 36848.480161
6d 1 [12 1.000][574.842 -353.224 431.026 -3.0596 -7.2397 -36.9731][0.792549 -0.595209 0.132639 0.596645 0.801825 0.033044 -0.126021 0.052950 0.990613] 
3d 0 
fr 136170
ts 36848.496822
6d 1 [12 1.000][574.842 -353.228 431.036 -3.0590 -7.2402 -36.9728][0.792551 -0.595205 0.132640 0.596640 0.801828 0.033057 -0.126030 0.052939 0.990613] 
3d 0 
fr 136171
ts 36848.513469
6d 1 [12 1.000][574.853 -353.229 431.034 -3.0568 -7.2473 -36.9717][0.792549 -0.595191 0.132714 0.596616 0.801841 0.033159 -0.126152 0.052899 0.990599] 
3d 0 
fr 136172
ts 36848.530130
6d 1 [12 1.000][574.853 -353.229 431.034 -3.0568 -7.2473 -36.9717][0.792549 -0.595191 0.132714 0.596616 0.801841 0.033159 -0.126152 0.052899 0.990599] 
3d 0 
fr 136173
ts 36848.546822
6d 1 [12 1.000][574.853 -353.229 431.034 -3.0568 -7.2473 -36.9717][0.792549 -0.595191 0.132714 0.596616 0.801841 0.033159 -0.126152 0.052899 0.990599] 
3d 0 
fr 136174
ts 36848.563485
6d 1 [12 1.000][574.853 -353.229 431.034 -3.0568 -7.2473 -36.9717][0.792549 -0.595191 0.132714 0.596616 0.801841 0.033159 -0.126152 0.052899 0.990599] 
3d 0 
fr 136175
ts 36848.580169
6d 1 [12 1.000][574.846 -353.305 431.051 -3.0549 -7.2481 -36.9700][0.792566 -0.595170 0.132708 0.596591 0.801859 0.033190 -0.126167 0.052868 0.990599] 
3d 0 
fr 136176
ts 36848.596832
6d 1 [12 1.000][574.846 -353.294 431.051 -3.0519 -7.2484 -36.9690][0.792576 -0.595163 0.132680 0.596577 0.801868 0.033233 -0.126171 0.052815 0.990602] 
3d 0 
fr 136177
ts 36848.613509
6d 1 [12 1.000][574.857 -353.219 431.064 -3.0404 -7.2512 -36.9622][0.792642 -0.595092 0.132604 0.596479 0.801934 0.033406 -0.126220 0.052616 0.990606] 
3d 0 
fr 136178
ts 36848.630171
6d 1 [12 1.000][574.861 -353.282 431.097 -3.0392 -7.2497 -36.9628][0.792639 -0.595104 0.132570 0.596489 0.801926 0.033408 -0.126193 0.052596 0.990610] 
3d 0 
fr 136179
ts 36848.646841
6d 1 [12 1.000][574.864 -353.269 431.076 -3.0364 -7.2469 -36.9620][0.792651 -0.595103 0.132503 0.596483 0.801930 0.033418 -0.126145 0.052547 0.990619] 
3d 0 
fr 136180
ts 36848.663504
6d 1 [12 1.000][574.864 -353.269 431.076 -3.0364 -7.2469 -36.9620][0.792651 -0.595103 0.132503 0.596483 0.801930 0.033418 -0.126145 0.052547 0.990619] 
3d 0 
fr 136181
ts 36848.680165
6d 1 [12 1.000][574.864 -353.269 431.076 -3.0364 -7.2469 -36.9620][0.792651 -0.595103 0.132503 0.596483 0.801930 0.033418 -0.126145 0.052547 0.990619] 
3d 0 
fr 136182
ts 36848.696829
6d 1 [12 1.000][574.864 -353.269 431.076 -3.0364 -7.2469 -36.9620][0.792651 -0.595103 0.132503 0.596483 0.801930 0.033418 -0.126145 0.052547 0.990619] 
3d 0 
fr 136183
ts 36848.713482
6d 1 [12 1.000][574.864 -353.269 431.076 -3.0364 -7.2469 -36.9620][0.792651 -0.595103 0.132503 0.596483 0.801930 0.033418 -0.126145 0.052547 0.990619] 
3d 0 
fr 136184
ts 36848.730148
6d 1 [12 1.000][574.864 -353.269 431.076 -3.0364 -7.2469 -36.9620][0.792651 -0.595103 0.132503 0.596483 0.801930 0.033418 -0.126145 0.052547 0.990619] 
3d 0 
fr 136185
ts 36848.746799
6d 1 [12 1.000][574.864 -353.269 431.076 -3.0364 -7.2469 -36.9620][0.792651 -0.595103 0.132503 0.596483 0.801930 0.033418 -0.126145 0.052547 0.990619] 
3d 0 
