fr 484527
ts 63993.607329
6d 1 [12 1.000][525.894 628.026 1017.267 -51.1939 -5.4068 -165.0345][-0.961783 -0.232771 0.144190 0.257089 -0.586468 0.768089 -0.094226 0.775804 0.623898] 
3d 1 [9342 1.000][179.313 2802.169 582.832] 
fr 484528
ts 63993.623994
6d 1 [12 1.000][525.453 628.006 1017.359 -51.1654 -5.4718 -165.0120][-0.961578 -0.233923 0.143692 0.257439 -0.586532 0.767923 -0.095355 0.775410 0.624217] 
3d 1 [9342 1.000][179.251 2802.504 582.726] 
fr 484529
ts 63993.640685
6d 1 [12 1.000][525.051 628.154 1017.400 -51.1344 -5.5522 -164.9768][-0.961290 -0.235413 0.143189 0.257994 -0.586520 0.767745 -0.096753 0.774968 0.624551] 
3d 1 [9342 1.000][179.259 2802.054 582.963] 
fr 484530
ts 63993.657346
6d 1 [12 1.000][524.689 628.085 1017.345 -51.1530 -5.6005 -164.9634][-0.961150 -0.236133 0.142938 0.258198 -0.586047 0.768038 -0.097591 0.775106 0.624248] 
3d 1 [9342 1.000][179.440 2802.312 583.090] 
fr 484531
ts 63993.674031
6d 1 [12 1.000][524.326 628.017 1017.353 -51.1641 -5.6426 -164.9414][-0.960981 -0.236882 0.142835 0.258548 -0.585659 0.768216 -0.098324 0.775171 0.624053] 
3d 1 [9342 1.000][179.074 2802.267 582.689] 
fr 484532
ts 63993.690694
6d 1 [12 1.000][524.053 628.093 1017.445 -51.1715 -5.6950 -164.9260][-0.960825 -0.237704 0.142521 0.258782 -0.585313 0.768401 -0.099232 0.775181 0.623897] 
3d 1 [9342 1.000][179.345 2802.317 583.130] 
fr 484533
ts 63993.707366
6d 1 [12 1.000][523.835 628.049 1017.545 -51.1702 -5.7194 -164.9352][-0.960825 -0.237933 0.142136 0.258618 -0.585282 0.768480 -0.099657 0.775134 0.623888] 
3d 1 [9342 1.000][179.207 2802.158 582.879] 
fr 484534
ts 63993.724032
6d 1 [12 1.000][523.575 628.051 1017.589 -51.1711 -5.7150 -164.9211][-0.960769 -0.238016 0.142375 0.258855 -0.585227 0.768442 -0.099580 0.775150 0.623880] 
3d 1 [9342 1.000][179.438 2802.548 583.017] 
fr 484535
ts 63993.740703
6d 1 [12 1.000][523.308 627.850 1017.618 -51.1765 -5.7126 -164.9867][-0.961069 -0.237302 0.141542 0.257756 -0.585435 0.768653 -0.099539 0.775212 0.623810] 
3d 1 [9342 1.000][178.937 2802.355 582.408] 
fr 484536
ts 63993.757364
6d 1 [12 1.000][523.018 627.728 1017.749 -51.1853 -5.7475 -165.0034][-0.961085 -0.237566 0.140988 0.257461 -0.585265 0.768882 -0.100145 0.775260 0.623653] 
3d 1 [9342 1.000][179.556 2801.883 583.325] 
fr 484537
ts 63993.774027
6d 1 [12 1.000][522.672 627.743 1017.913 -51.1933 -5.8231 -165.0106][-0.960989 -0.238461 0.140130 0.257306 -0.584922 0.769195 -0.101457 0.775244 0.623461] 
3d 1 [9342 1.000][179.201 2802.619 582.687] 
fr 484538
ts 63993.790690
6d 1 [12 1.000][522.397 627.869 1018.100 -51.1994 -5.8806 -165.0141][-0.960906 -0.239162 0.139505 0.257221 -0.584653 0.769427 -0.102456 0.775231 0.623314] 
3d 1 [9342 1.000][179.217 2801.927 582.902] 
fr 484539
ts 63993.807347
6d 1 [12 1.000][522.053 627.728 1018.254 -51.1934 -5.9245 -165.0262][-0.960884 -0.239626 0.138855 0.256997 -0.584631 0.769518 -0.103217 0.775104 0.623346] 
3d 1 [9342 1.000][179.255 2802.070 583.104] 
fr 484540
ts 63993.824009
6d 1 [12 1.000][521.751 627.801 1018.347 -51.1944 -5.9803 -165.0197][-0.960757 -0.240420 0.138360 0.257081 -0.584395 0.769670 -0.104187 0.775036 0.623269] 
3d 1 [9342 1.000][179.295 2802.395 582.861] 
fr 484541
ts 63993.840658
6d 1 [12 1.000][521.404 627.718 1018.377 -51.2012 -6.0293 -165.0095][-0.960625 -0.241148 0.138011 0.257228 -0.584090 0.769853 -0.105038 0.775040 0.623121] 
3d 1 [9342 1.000][179.217 2801.718 583.161] 
fr 484542
ts 63993.857320
6d 1 [12 1.000][521.044 627.692 1018.431 -51.2102 -6.0920 -165.0042][-0.960490 -0.241999 0.137462 0.257288 -0.583728 0.770107 -0.106125 0.775047 0.622928] 
3d 1 [9342 1.000][179.239 2802.515 582.918] 
fr 484543
ts 63993.873961
6d 1 [12 1.000][520.769 627.863 1018.566 -51.2131 -6.1413 -164.9895][-0.960335 -0.242787 0.137154 0.257510 -0.583454 0.770240 -0.106981 0.775008 0.622831] 
3d 1 [9342 1.000][179.062 2802.031 582.909] 
fr 484544
ts 63993.890625
6d 1 [12 1.000][520.550 628.052 1018.641 -51.2134 -6.1909 -164.9620][-0.960122 -0.243712 0.137004 0.257946 -0.583158 0.770318 -0.107841 0.774939 0.622768] 
3d 1 [9342 1.000][179.648 2802.104 583.166] 
fr 484545
ts 63993.907308
6d 1 [12 1.000][520.285 627.977 1018.542 -51.2157 -6.2274 -164.9599][-0.960046 -0.244205 0.136659 0.257964 -0.582991 0.770439 -0.108474 0.774910 0.622694] 
3d 1 [9342 1.000][178.866 2802.648 582.124] 
fr 484546
ts 63993.923973
6d 1 [12 1.000][520.016 627.857 1018.463 -51.2266 -6.2091 -164.9543][-0.960054 -0.243998 0.136972 0.258067 -0.582885 0.770485 -0.108157 0.775055 0.622569] 
3d 1 [9342 1.000][179.652 2801.669 583.543] 
fr 484547
ts 63993.940652
6d 1 [12 1.000][519.877 627.954 1018.478 -51.2362 -6.2379 -164.9532][-0.959996 -0.244362 0.136727 0.258071 -0.582650 0.770661 -0.108656 0.775117 0.622404] 
3d 1 [9342 1.000][179.066 2802.262 582.740] 
fr 484548
ts 63993.957317
6d 1 [12 1.000][519.740 627.999 1018.509 -51.2390 -6.2878 -164.9600][-0.959935 -0.244938 0.136124 0.257933 -0.582466 0.770846 -0.109522 0.775074 0.622307] 
3d 1 [9342 1.000][179.005 2801.869 582.765] 
fr 484549
ts 63993.973987
6d 1 [12 1.000][519.613 628.067 1018.522 -51.2420 -6.2862 -164.9624][-0.959949 -0.244886 0.136119 0.257892 -0.582441 0.770879 -0.109496 0.775108 0.622268] 
3d 1 [9342 1.000][179.464 2801.416 583.512] 
fr 484550
ts 63993.990653
6d 1 [12 1.000][519.491 628.188 1018.538 -51.2444 -6.3360 -164.9646][-0.959867 -0.245509 0.135579 0.257831 -0.582243 0.771049 -0.110359 0.775060 0.622175] 
3d 1 [9342 1.000][179.239 2802.725 582.659] 
fr 484551
ts 63994.007321
6d 1 [12 1.000][519.430 628.189 1018.531 -51.2440 -6.3459 -164.9725][-0.959883 -0.245559 0.135367 0.257695 -0.582248 0.771091 -0.110531 0.775041 0.622169] 
3d 1 [9342 1.000][179.043 2801.700 582.909] 
fr 484552
ts 63994.023984
6d 1 [12 1.000][519.273 628.038 1018.393 -51.2522 -6.3013 -164.9764][-0.959984 -0.244917 0.135818 0.257651 -0.582311 0.771057 -0.109757 0.775196 0.622113] 
3d 1 [9342 1.000][179.584 2802.675 582.987] 
fr 484553
ts 63994.040639
6d 1 [12 1.000][519.240 628.166 1018.442 -51.2624 -6.3588 -164.9818][-0.959901 -0.245589 0.135186 0.257532 -0.581994 0.771336 -0.110754 0.775222 0.621904] 
3d 1 [9342 1.000][179.002 2802.587 582.589] 
fr 484554
ts 63994.057299
6d 1 [12 1.000][519.192 628.203 1018.487 -51.2652 -6.3720 -164.9900][-0.959914 -0.245672 0.134950 0.257389 -0.581946 0.771421 -0.110982 0.775232 0.621851] 
3d 1 [9342 1.000][179.516 2801.065 583.624] 
fr 484555
ts 63994.073957
6d 1 [12 1.000][519.187 628.249 1018.517 -51.2662 -6.3829 -164.9967][-0.959923 -0.245744 0.134749 0.257270 -0.581923 0.771478 -0.111173 0.775226 0.621824] 
3d 1 [9342 1.000][179.056 2802.702 582.458] 
fr 484556
ts 63994.090620
6d 1 [12 1.000][519.151 628.377 1018.479 -51.2656 -6.3971 -164.9966][-0.959896 -0.245933 0.134599 0.257265 -0.581881 0.771511 -0.111419 0.775198 0.621815] 
3d 1 [9342 1.000][179.494 2802.428 582.960] 
fr 484557
ts 63994.107266
6d 1 [12 1.000][519.098 628.302 1018.487 -51.2670 -6.3945 -165.0016][-0.959924 -0.245844 0.134564 0.257182 -0.581893 0.771530 -0.111374 0.775217 0.621799] 
3d 1 [9342 1.000][179.313 2801.713 583.120] 
fr 484558
ts 63994.123928
6d 1 [12 1.000][518.991 628.124 1018.451 -51.2736 -6.3863 -165.0004][-0.959934 -0.245733 0.134695 0.257207 -0.581827 0.771571 -0.111231 0.775301 0.621720] 
3d 1 [9342 1.000][179.185 2802.819 582.531] 
fr 484559
ts 63994.140619
6d 1 [12 1.000][518.960 628.275 1018.454 -51.2819 -6.4034 -164.9929][-0.959868 -0.246013 0.134653 0.257323 -0.581624 0.771686 -0.111527 0.775366 0.621587] 
3d 1 [9342 1.000][179.502 2801.767 583.455] 
fr 484560
ts 63994.157283
6d 1 [12 1.000][518.936 628.222 1018.455 -51.2852 -6.4071 -164.9873][-0.959836 -0.246111 0.134704 0.257416 -0.581542 0.771716 -0.111592 0.775396 0.621537] 
3d 1 [9342 1.000][179.243 2802.499 582.778] 
fr 484561
ts 63994.173966
6d 1 [12 1.000][518.933 628.319 1018.480 -51.2842 -6.4194 -164.9803][-0.959781 -0.246345 0.134664 0.257527 -0.581483 0.771724 -0.111805 0.775365 0.621537] 
3d 1 [9342 1.000][179.016 2802.340 582.471] 
fr 484562
ts 63994.190628
6d 1 [12 1.000][518.953 628.407 1018.542 -51.2811 -6.4344 -164.9418][-0.959579 -0.246939 0.135013 0.258164 -0.581306 0.771644 -0.112066 0.775309 0.621560] 
3d 1 [9342 1.000][179.499 2802.239 583.308] 
fr 484563
ts 63994.207306
6d 1 [12 1.000][518.961 628.361 1018.561 -51.2727 -6.4501 -164.9320][-0.959506 -0.247263 0.134943 0.258319 -0.581322 0.771580 -0.112337 0.775194 0.621655] 
3d 1 [9342 1.000][179.145 2802.740 582.744] 
fr 484564
ts 63994.223969
6d 1 [12 1.000][518.941 628.084 1018.484 -51.2710 -6.4098 -164.9161][-0.959510 -0.246902 0.135573 0.258607 -0.581418 0.771412 -0.111638 0.775237 0.621727] 
3d 1 [9342 1.000][179.541 2801.847 583.242] 
fr 484565
ts 63994.240639
6d 1 [12 1.000][519.065 628.170 1018.519 -51.2684 -6.4088 -164.9083][-0.959476 -0.246975 0.135677 0.258738 -0.581423 0.771364 -0.111621 0.775210 0.621764] 
3d 1 [9342 1.000][179.139 2802.253 582.898] 
fr 484566
ts 63994.257301
6d 1 [12 1.000][519.162 628.023 1018.589 -51.2395 -6.3880 -164.9291][-0.959610 -0.246559 0.135490 0.258399 -0.581975 0.771061 -0.111260 0.774928 0.622180] 
3d 1 [9342 1.000][179.283 2802.862 582.765] 
fr 484567
ts 63994.273964
6d 1 [12 1.000][519.298 628.022 1018.718 -51.2218 -6.3759 -164.9301][-0.959637 -0.246433 0.135527 0.258388 -0.582259 0.770850 -0.111050 0.774755 0.622433] 
3d 1 [9342 1.000][179.222 2801.739 583.250] 
fr 484568
ts 63994.290626
6d 1 [12 1.000][519.380 627.964 1018.773 -51.2023 -6.3590 -164.9319][-0.959677 -0.246240 0.135597 0.258367 -0.582589 0.770608 -0.110757 0.774568 0.622718] 
3d 1 [9342 1.000][179.237 2802.505 582.874] 
fr 484569
ts 63994.307283
6d 1 [12 1.000][519.455 627.759 1018.917 -51.1875 -6.3390 -165.0124][-0.960076 -0.245195 0.134660 0.257028 -0.583203 0.770591 -0.110411 0.774437 0.622941] 
3d 1 [9342 1.000][179.110 2802.152 582.875] 
fr 484570
ts 63994.323944
6d 1 [12 1.000][519.461 627.483 1018.968 -51.1882 -6.3098 -165.0293][-0.960206 -0.244640 0.134743 0.256760 -0.583369 0.770555 -0.109903 0.774488 0.622968] 
3d 1 [9342 1.000][179.302 2801.698 583.127] 
fr 484571
ts 63994.340595
6d 1 [12 1.000][519.545 627.464 1019.052 -51.2031 -6.2957 -165.0322][-0.960245 -0.244392 0.134915 0.256718 -0.583230 0.770674 -0.109660 0.774671 0.622783] 
3d 1 [9342 1.000][179.095 2802.608 582.734] 
fr 484572
ts 63994.357255
6d 1 [12 1.000][519.637 627.319 1019.180 -51.1858 -6.2747 -165.0555][-0.960388 -0.243921 0.134750 0.256338 -0.583635 0.770494 -0.109295 0.774515 0.623042] 
3d 1 [9342 1.000][179.398 2801.730 583.317] 
fr 484573
ts 63994.373897
6d 1 [12 1.000][519.716 627.317 1019.265 -51.1457 -6.2660 -165.0578][-0.960414 -0.243879 0.134639 0.256305 -0.584214 0.770066 -0.109145 0.774091 0.623594] 
3d 1 [9342 1.000][179.105 2802.131 582.785] 
fr 484574
ts 63994.390561
6d 1 [12 1.000][519.778 627.287 1019.310 -51.1220 -6.2575 -165.0573][-0.960428 -0.243828 0.134634 0.256316 -0.584560 0.769800 -0.108997 0.773846 0.623924] 
3d 1 [9342 1.000][179.141 2802.263 582.943] 
fr 484575
ts 63994.407250
6d 1 [12 1.000][519.813 626.962 1019.200 -51.1457 -6.2213 -165.0541][-0.960480 -0.243333 0.135159 0.256388 -0.584353 0.769933 -0.108370 0.774158 0.623647] 
3d 1 [9342 1.000][179.211 2801.933 582.997] 
fr 484576
ts 63994.423911
6d 1 [12 1.000][519.839 626.993 1019.324 -51.1298 -6.2140 -165.0388][-0.960425 -0.243431 0.135373 0.256648 -0.584528 0.769713 -0.108242 0.773995 0.623871] 
3d 1 [9342 1.000][179.384 2802.396 582.917] 
fr 484577
ts 63994.440594
6d 1 [12 1.000][519.909 627.111 1019.372 -51.1137 -6.2165 -165.0386][-0.960419 -0.243503 0.135282 0.256650 -0.584734 0.769556 -0.108285 0.773817 0.624085] 
3d 1 [9342 1.000][179.159 2802.037 582.914] 
fr 484578
ts 63994.457254
6d 1 [12 1.000][519.871 627.029 1019.424 -51.0981 -6.2064 -165.0385][-0.960437 -0.243409 0.135324 0.256657 -0.584980 0.769367 -0.108110 0.773661 0.624309] 
3d 1 [9342 1.000][179.157 2801.817 583.128] 
fr 484579
ts 63994.473926
6d 1 [12 1.000][519.855 627.097 1019.492 -51.0791 -6.2265 -165.0096][-0.960271 -0.244012 0.135419 0.257131 -0.585041 0.769162 -0.108459 0.773424 0.624541] 
3d 1 [9342 1.000][179.143 2802.483 582.728] 
fr 484580
ts 63994.490590
6d 1 [12 1.000][519.737 626.829 1019.443 -51.0693 -6.1950 -164.9969][-0.960271 -0.243754 0.135880 0.257360 -0.585228 0.768943 -0.107912 0.773364 0.624711] 
3d 1 [9342 1.000][179.401 2802.196 583.074] 
fr 484581
ts 63994.507255
6d 1 [12 1.000][519.708 626.779 1019.527 -51.0482 -6.2100 -164.9921][-0.960223 -0.244048 0.135695 0.257432 -0.585439 0.768759 -0.108173 0.773111 0.624978] 
3d 1 [9342 1.000][179.004 2802.388 582.893] 
fr 484582
ts 63994.523920
6d 1 [12 1.000][519.721 626.836 1019.591 -51.0310 -6.2245 -164.9886][-0.960180 -0.244314 0.135517 0.257484 -0.585604 0.768615 -0.108424 0.772903 0.625193] 
3d 1 [9342 1.000][179.297 2802.652 582.877] 
fr 484583
ts 63994.540581
6d 1 [12 1.000][519.753 626.928 1019.634 -51.0129 -6.2429 -164.9889][-0.960148 -0.244593 0.135242 0.257470 -0.585783 0.768483 -0.108743 0.772678 0.625414] 
3d 1 [9342 1.000][179.062 2802.031 582.909] 
fr 484584
ts 63994.557242
6d 1 [12 1.000][519.743 626.865 1019.646 -50.9954 -6.2406 -164.9883][-0.960149 -0.244611 0.135199 0.257482 -0.586023 0.768297 -0.108704 0.772491 0.625653] 
3d 1 [9342 1.000][179.336 2802.275 582.952] 
fr 484585
ts 63994.573896
6d 1 [12 1.000][519.618 626.695 1019.518 -50.9934 -6.2320 -165.0016][-0.960225 -0.244368 0.135102 0.257263 -0.586138 0.768283 -0.108555 0.772481 0.625691] 
3d 1 [9342 1.000][179.344 2802.280 582.900] 
fr 484586
ts 63994.590558
6d 1 [12 1.000][519.609 626.744 1019.586 -51.0358 -6.2403 -165.0000][-0.960202 -0.244392 0.135218 0.257286 -0.585533 0.768736 -0.108698 0.772932 0.625109] 
3d 1 [9342 1.000][179.160 2802.284 582.885] 
fr 484587
ts 63994.607204
6d 1 [12 1.000][519.566 626.675 1019.659 -50.9876 -6.2397 -165.0031][-0.960217 -0.244467 0.134977 0.257234 -0.586194 0.768249 -0.108689 0.772407 0.625759] 
3d 1 [9342 1.000][179.025 2802.382 582.650] 
fr 484588
ts 63994.623866
6d 1 [12 1.000][519.545 626.775 1019.749 -50.9949 -6.2557 -165.0055][-0.960199 -0.244632 0.134807 0.257185 -0.586051 0.768375 -0.108965 0.772463 0.625641] 
3d 1 [9342 1.000][179.338 2802.285 582.996] 
fr 484589
ts 63994.640559
6d 1 [12 1.000][519.473 626.875 1019.798 -50.9828 -6.2718 -165.0085][-0.960183 -0.244839 0.134546 0.257127 -0.586170 0.768304 -0.109244 0.772307 0.625785] 
3d 1 [9342 1.000][179.059 2802.021 582.865] 
fr 484590
ts 63994.657220
6d 1 [12 1.000][519.345 626.862 1019.793 -50.9612 -6.2863 -165.0095][-0.960161 -0.245069 0.134286 0.257103 -0.586414 0.768125 -0.109497 0.772049 0.626060] 
3d 1 [9342 1.000][179.448 2802.071 583.068] 
fr 484591
ts 63994.673905
6d 1 [12 1.000][519.181 626.772 1019.736 -51.0018 -6.2886 -165.0127][-0.960170 -0.244972 0.134393 0.257050 -0.585874 0.768555 -0.109537 0.772490 0.625509] 
3d 1 [9342 1.000][179.106 2802.378 582.757] 
fr 484592
ts 63994.690568
6d 1 [12 1.000][519.054 626.949 1019.785 -51.0077 -6.3162 -165.0091][-0.960103 -0.245354 0.134174 0.257095 -0.585684 0.768685 -0.110016 0.772513 0.625396] 
3d 1 [9342 1.000][179.253 2802.305 583.030] 
fr 484593
ts 63994.707245
6d 1 [12 1.000][519.045 626.933 1019.717 -51.0178 -6.3172 -165.0093][-0.960103 -0.245341 0.134205 0.257091 -0.585546 0.768791 -0.110032 0.772621 0.625259] 
3d 1 [9342 1.000][179.309 2802.395 582.714] 
fr 484594
ts 63994.723906
6d 1 [12 1.000][518.992 627.056 1019.674 -51.0127 -6.3233 -165.0062][-0.960077 -0.245464 0.134161 0.257140 -0.585580 0.768749 -0.110138 0.772557 0.625320] 
3d 1 [9342 1.000][179.249 2802.285 582.941] 
fr 484595
ts 63994.740578
6d 1 [12 1.000][518.949 627.178 1019.606 -51.0137 -6.3206 -165.0010][-0.960059 -0.245480 0.134263 0.257229 -0.585553 0.768740 -0.110092 0.772572 0.625310] 
3d 1 [9342 1.000][179.257 2801.834 583.177] 
fr 484596
ts 63994.757239
6d 1 [12 1.000][518.874 627.203 1019.476 -51.0350 -6.3260 -165.0004][-0.960046 -0.245507 0.134306 0.257237 -0.585246 0.768971 -0.110186 0.772796 0.625016] 
3d 1 [9342 1.000][179.338 2802.741 582.708] 
fr 484597
ts 63994.773903
6d 1 [12 1.000][518.793 627.151 1019.308 -51.1312 -6.3266 -165.0025][-0.960054 -0.245267 0.134683 0.257201 -0.583960 0.769960 -0.110196 0.773844 0.623717] 
3d 1 [9342 1.000][179.122 2801.932 582.942] 
fr 484598
ts 63994.790565
6d 1 [12 1.000][518.742 627.355 1019.249 -51.1525 -6.3386 -165.0030][-0.960034 -0.245368 0.134642 0.257187 -0.583635 0.770211 -0.110404 0.774057 0.623415] 
3d 1 [9342 1.000][179.492 2802.454 583.145] 
fr 484599
ts 63994.807214
6d 1 [12 1.000][518.690 627.488 1019.194 -51.1840 -6.3517 -165.0055][-0.960021 -0.245440 0.134606 0.257139 -0.583176 0.770575 -0.110631 0.774380 0.622973] 
3d 1 [9342 1.000][179.004 2802.351 582.663] 
fr 484600
ts 63994.823883
6d 1 [12 1.000][518.695 627.608 1019.163 -51.1877 -6.3679 -165.0063][-0.959995 -0.245634 0.134440 0.257116 -0.583074 0.770660 -0.110912 0.774396 0.622904] 
3d 1 [9342 1.000][179.408 2801.499 583.339] 
fr 484601
ts 63994.840530
6d 1 [12 1.000][518.767 627.693 1019.137 -51.1956 -6.3800 -165.0076][-0.959978 -0.245761 0.134329 0.257089 -0.582931 0.770777 -0.111122 0.774463 0.622783] 
3d 1 [9342 1.000][179.199 2802.609 582.643] 
fr 484602
ts 63994.857195
6d 1 [12 1.000][518.801 627.603 1019.123 -51.2041 -6.3831 -165.0155][-0.960007 -0.245701 0.134227 0.256955 -0.582838 0.770891 -0.111177 0.774552 0.622663] 
3d 1 [9342 1.000][179.257 2802.043 582.918] 
fr 484603
ts 63994.873836
6d 1 [12 1.000][518.755 627.516 1019.143 -51.2167 -6.3848 -165.0219][-0.960033 -0.245629 0.134177 0.256847 -0.582691 0.771039 -0.111205 0.774685 0.622492] 
3d 1 [9342 1.000][179.411 2802.212 583.067] 
fr 484604
ts 63994.890501
6d 1 [12 1.000][518.773 627.445 1019.250 -51.2110 -6.3867 -165.0266][-0.960050 -0.245619 0.134069 0.256767 -0.582781 0.770997 -0.111239 0.774621 0.622566] 
3d 1 [9342 1.000][179.239 2802.725 582.659] 
fr 484605
ts 63994.907189
6d 1 [12 1.000][518.776 627.283 1019.377 -51.1498 -6.3847 -165.0339][-0.960087 -0.245661 0.133730 0.256646 -0.583643 0.770386 -0.111203 0.773959 0.623395] 
3d 1 [9342 1.000][179.230 2801.498 583.228] 
fr 484606
ts 63994.923851
6d 1 [12 1.000][518.823 627.247 1019.516 -51.1017 -6.3612 -165.0414][-0.960164 -0.245390 0.133671 0.256532 -0.584404 0.769846 -0.110795 0.773470 0.624075] 
3d 1 [9342 1.000][179.393 2802.893 582.808] 
fr 484607
ts 63994.940533
6d 1 [12 1.000][518.806 627.180 1019.605 -51.0667 -6.3542 -165.0460][-0.960198 -0.245333 0.133533 0.256458 -0.584917 0.769481 -0.110674 0.773100 0.624554] 
3d 1 [9342 1.000][179.062 2802.487 582.622] 
fr 484608
ts 63994.957194
6d 1 [12 1.000][518.754 627.004 1019.645 -51.0321 -6.3399 -165.0484][-0.960235 -0.245204 0.133503 0.256425 -0.585443 0.769092 -0.110426 0.772743 0.625039] 
3d 1 [9342 1.000][179.799 2801.314 583.616] 
fr 484609
ts 63994.973870
6d 1 [12 1.000][518.767 626.969 1019.696 -51.0273 -6.3316 -165.0484][-0.960251 -0.245107 0.133570 0.256429 -0.585536 0.769020 -0.110282 0.772703 0.625114] 
3d 1 [9342 1.000][178.947 2802.644 582.230] 
fr 484610
ts 63994.990531
6d 1 [12 1.000][518.741 627.009 1019.800 -51.0080 -6.3416 -165.0450][-0.960217 -0.245317 0.133426 0.256481 -0.585746 0.768843 -0.110457 0.772477 0.625362] 
3d 1 [9342 1.000][179.515 2801.757 583.263] 
fr 484611
ts 63995.007194
6d 1 [12 1.000][518.672 626.850 1019.839 -50.9985 -6.3369 -165.0472][-0.960236 -0.245256 0.133407 0.256447 -0.585899 0.768737 -0.110374 0.772381 0.625496] 
3d 1 [9342 1.000][179.301 2802.426 582.996] 
fr 484612
ts 63995.023862
6d 1 [12 1.000][518.583 626.725 1019.815 -51.0048 -6.3504 -165.0451][-0.960201 -0.245437 0.133319 0.256475 -0.585759 0.768835 -0.110608 0.772429 0.625395] 
3d 1 [9342 1.000][179.182 2802.808 582.486] 
fr 484613
ts 63995.040518
6d 1 [12 1.000][518.629 626.760 1019.927 -50.9916 -6.3535 -165.0420][-0.960182 -0.245541 0.133271 0.256525 -0.585911 0.768702 -0.110663 0.772281 0.625569] 
3d 1 [9342 1.000][179.607 2801.077 583.725] 
fr 484614
ts 63995.057183
6d 1 [12 1.000][518.618 626.787 1019.964 -50.9837 -6.3549 -165.0392][-0.960167 -0.245606 0.133260 0.256571 -0.586000 0.768619 -0.110687 0.772193 0.625673] 
3d 1 [9342 1.000][179.233 2803.186 582.467] 
fr 484615
ts 63995.073837
6d 1 [12 1.000][518.610 626.863 1019.946 -50.9739 -6.3601 -165.0338][-0.960132 -0.245752 0.133236 0.256659 -0.586090 0.768521 -0.110777 0.772078 0.625798] 
3d 1 [9342 1.000][179.154 2801.770 582.853] 
fr 484616
ts 63995.090498
6d 1 [12 1.000][518.601 626.949 1019.928 -50.9811 -6.3670 -165.0261][-0.960085 -0.245904 0.133297 0.256786 -0.585937 0.768596 -0.110897 0.772146 0.625693] 
3d 1 [9342 1.000][179.836 2802.849 583.140] 
fr 484617
ts 63995.107143
6d 1 [12 1.000][518.599 626.853 1019.886 -50.9713 -6.3651 -165.0262][-0.960089 -0.245900 0.133274 0.256784 -0.586075 0.768491 -0.110863 0.772042 0.625827] 
3d 1 [9342 1.000][179.033 2802.907 582.398] 
fr 484618
ts 63995.123807
6d 1 [12 1.000][518.597 626.862 1019.846 -50.9670 -6.3656 -165.0233][-0.960075 -0.245947 0.133289 0.256833 -0.586119 0.768441 -0.110872 0.771994 0.625886] 
3d 1 [9342 1.000][179.556 2801.427 583.612] 
fr 484619
ts 63995.140500
6d 1 [12 1.000][518.674 626.959 1019.824 -50.9619 -6.3663 -165.0186][-0.960053 -0.246015 0.133324 0.256912 -0.586164 0.768380 -0.110884 0.771938 0.625953] 
3d 1 [9342 1.000][179.003 2802.560 582.404] 
fr 484620
ts 63995.157161
6d 1 [12 1.000][518.674 626.919 1019.713 -51.0063 -6.3598 -165.0175][-0.960060 -0.245838 0.133597 0.256932 -0.585587 0.768813 -0.110771 0.772433 0.625362] 
3d 1 [9342 1.000][179.536 2802.554 583.021] 
fr 484621
ts 63995.173846
6d 1 [12 1.000][518.661 626.826 1019.617 -51.0665 -6.3485 -165.0210][-0.960097 -0.245515 0.133928 0.256880 -0.584832 0.769405 -0.110575 0.773106 0.624564] 
3d 1 [9342 1.000][179.421 2801.771 583.348] 
fr 484622
ts 63995.190508
6d 1 [12 1.000][518.735 626.905 1019.630 -51.0792 -6.3414 -165.0286][-0.960144 -0.245316 0.133954 0.256756 -0.584720 0.769531 -0.110452 0.773255 0.624402] 
3d 1 [9342 1.000][179.042 2803.158 582.318] 
fr 484623
ts 63995.207186
6d 1 [12 1.000][518.795 626.902 1019.529 -51.1015 -6.3322 -165.0378][-0.960202 -0.245050 0.134023 0.256607 -0.584492 0.769754 -0.110293 0.773511 0.624112] 
3d 1 [9342 1.000][179.369 2801.384 583.322] 
fr 484624
ts 63995.223848
6d 1 [12 1.000][518.838 626.984 1019.564 -51.1001 -6.3269 -165.0717][-0.960364 -0.244639 0.133617 0.256042 -0.584674 0.769804 -0.110201 0.773504 0.624137] 
3d 1 [9342 1.000][179.388 2802.171 583.035] 
fr 484625
ts 63995.240515
6d 1 [12 1.000][518.828 627.055 1019.562 -51.1062 -6.3268 -165.0796][-0.960399 -0.244542 0.133539 0.255909 -0.584626 0.769885 -0.110199 0.773571 0.624055] 
3d 1 [9342 1.000][179.107 2802.351 582.571] 
fr 484626
ts 63995.257181
6d 1 [12 1.000][518.856 627.015 1019.509 -51.1102 -6.3202 -165.0935][-0.960474 -0.244304 0.133438 0.255679 -0.584655 0.769940 -0.110084 0.773624 0.624009] 
3d 1 [9342 1.000][179.696 2802.015 583.391] 
fr 484627
ts 63995.273846
6d 1 [12 1.000][518.850 626.879 1019.425 -51.1555 -6.3075 -165.1061][-0.960554 -0.243904 0.133594 0.255473 -0.584143 0.770396 -0.109865 0.774137 0.623412] 
3d 1 [9342 1.000][178.958 2802.696 582.454] 
fr 484628
ts 63995.290506
6d 1 [12 1.000][518.862 627.002 1019.382 -51.1737 -6.3082 -165.1089][-0.960564 -0.243843 0.133628 0.255427 -0.583907 0.770590 -0.109877 0.774334 0.623165] 
3d 1 [9342 1.000][179.407 2801.981 583.237] 
fr 484629
ts 63995.307164
6d 1 [12 1.000][518.869 626.981 1019.333 -51.1801 -6.3020 -165.1033][-0.960551 -0.243804 0.133796 0.255524 -0.583820 0.770625 -0.109768 0.774412 0.623086] 
3d 1 [9342 1.000][179.263 2802.075 583.052] 
fr 484630
ts 63995.323826
6d 1 [12 1.000][518.874 626.984 1019.318 -51.1786 -6.3024 -165.1127][-0.960593 -0.243716 0.133658 0.255365 -0.583879 0.770632 -0.109776 0.774395 0.623107] 
3d 1 [9342 1.000][179.295 2802.641 582.832] 
fr 484631
ts 63995.340477
6d 1 [12 1.000][518.895 627.021 1019.420 -51.1690 -6.3086 -165.1212][-0.960618 -0.243735 0.133438 0.255221 -0.584022 0.770571 -0.109884 0.774281 0.623229] 
3d 1 [9342 1.000][179.369 2801.839 583.034] 
fr 484632
ts 63995.357137
6d 1 [12 1.000][518.906 626.979 1019.405 -51.1726 -6.3081 -165.1253][-0.960638 -0.243678 0.133404 0.255152 -0.583993 0.770616 -0.109875 0.774321 0.623181] 
3d 1 [9342 1.000][179.239 2802.725 582.659] 
fr 484633
ts 63995.373779
6d 1 [12 1.000][518.918 626.891 1019.531 -51.1029 -6.3127 -165.1304][-0.960652 -0.243848 0.132990 0.255065 -0.584935 0.769930 -0.109955 0.773556 0.624116] 
3d 1 [9342 1.000][179.263 2802.284 582.793] 
fr 484634
ts 63995.390444
6d 1 [12 1.000][518.927 626.873 1019.630 -51.0928 -6.3390 -165.1294][-0.960599 -0.244224 0.132683 0.255068 -0.584976 0.769898 -0.110411 0.773406 0.624221] 
3d 1 [9342 1.000][179.590 2802.214 583.178] 
fr 484635
ts 63995.407133
6d 1 [12 1.000][518.902 626.754 1019.737 -51.0615 -6.3227 -165.1308][-0.960635 -0.244070 0.132703 0.255053 -0.585458 0.769537 -0.110129 0.773090 0.624663] 
3d 1 [9342 1.000][178.921 2802.591 582.482] 
fr 484636
ts 63995.423794
6d 1 [12 1.000][518.904 626.741 1019.842 -51.0241 -6.3298 -165.1304][-0.960620 -0.244253 0.132473 0.255055 -0.585935 0.769173 -0.110252 0.772671 0.625159] 
3d 1 [9342 1.000][179.445 2802.333 583.180] 
fr 484637
ts 63995.440472
6d 1 [12 1.000][518.935 626.773 1019.917 -51.0410 -6.3368 -165.1280][-0.960596 -0.244329 0.132505 0.255093 -0.585673 0.769360 -0.110372 0.772845 0.624923] 
3d 1 [9342 1.000][179.014 2802.366 582.656] 
fr 484638
ts 63995.457139
6d 1 [12 1.000][518.924 626.635 1019.951 -51.0310 -6.3377 -165.1257][-0.960585 -0.244388 0.132484 0.255131 -0.585795 0.769255 -0.110388 0.772735 0.625056] 
3d 1 [9342 1.000][179.584 2802.675 582.987] 
fr 484639
ts 63995.473808
6d 1 [12 1.000][518.791 626.477 1019.903 -51.0404 -6.3370 -165.1209][-0.960564 -0.244406 0.132596 0.255212 -0.585650 0.769338 -0.110376 0.772839 0.624930] 
3d 1 [9342 1.000][179.157 2802.027 582.869] 
fr 484640
ts 63995.490474
6d 1 [12 1.000][518.816 626.601 1019.998 -51.0325 -6.3455 -165.1160][-0.960527 -0.244585 0.132538 0.255290 -0.585706 0.769270 -0.110524 0.772740 0.625026] 
3d 1 [9342 1.000][179.241 2802.280 582.992] 
fr 484641
ts 63995.507139
6d 1 [12 1.000][518.810 626.599 1020.025 -51.0300 -6.3487 -165.1114][-0.960500 -0.244680 0.132556 0.255365 -0.585709 0.769242 -0.110579 0.772707 0.625057] 
3d 1 [9342 1.000][179.255 2802.279 582.845] 
fr 484642
ts 63995.523804
6d 1 [12 1.000][518.764 626.642 1019.934 -51.0447 -6.3541 -165.1039][-0.960457 -0.244792 0.132662 0.255488 -0.585461 0.769390 -0.110673 0.772860 0.624852] 
3d 1 [9342 1.000][179.290 2802.165 583.031] 
fr 484643
ts 63995.540465
6d 1 [12 1.000][518.771 626.744 1019.855 -51.0352 -6.3596 -165.0763][-0.960323 -0.245169 0.132933 0.255947 -0.585451 0.769245 -0.110769 0.772748 0.624973] 
3d 1 [9342 1.000][179.203 2801.928 583.049] 
fr 484644
ts 63995.557127
6d 1 [12 1.000][518.755 626.692 1019.747 -51.0309 -6.3574 -165.0887][-0.960383 -0.245023 0.132772 0.255741 -0.585570 0.769223 -0.110730 0.772704 0.625033] 
3d 1 [9342 1.000][179.292 2802.384 582.817] 
fr 484645
ts 63995.573777
6d 1 [12 1.000][518.709 626.654 1019.589 -51.1082 -6.3516 -165.0832][-0.960369 -0.244825 0.133237 0.255836 -0.584528 0.769984 -0.110630 0.773555 0.623998] 
3d 1 [9342 1.000][179.057 2802.011 582.820] 
fr 484646
ts 63995.590442
6d 1 [12 1.000][518.688 626.756 1019.607 -51.1148 -6.3555 -165.0803][-0.960349 -0.244889 0.133264 0.255883 -0.584414 0.770055 -0.110697 0.773621 0.623904] 
3d 1 [9342 1.000][179.540 2802.575 583.111] 
fr 484647
ts 63995.607090
6d 1 [12 1.000][518.687 626.773 1019.582 -51.1024 -6.3529 -165.0815][-0.960359 -0.244871 0.133222 0.255864 -0.584595 0.769923 -0.110651 0.773490 0.624075] 
3d 1 [9342 1.000][179.062 2802.241 582.650] 
fr 484648
ts 63995.623751
6d 1 [12 1.000][518.671 626.831 1019.602 -51.1129 -6.3566 -165.0827][-0.960358 -0.244883 0.133212 0.255842 -0.584446 0.770044 -0.110716 0.773599 0.623929] 
3d 1 [9342 1.000][179.542 2802.093 583.213] 
fr 484649
ts 63995.640444
6d 1 [12 1.000][518.665 626.946 1019.627 -51.1175 -6.3640 -165.0840][-0.960350 -0.244956 0.133135 0.255816 -0.584363 0.770116 -0.110845 0.773638 0.623857] 
3d 1 [9342 1.000][179.007 2802.335 582.522] 
fr 484650
ts 63995.657106
6d 1 [12 1.000][518.659 626.875 1019.537 -51.1398 -6.3600 -165.0851][-0.960362 -0.244840 0.133259 0.255800 -0.584083 0.770333 -0.110774 0.773887 0.623561] 
3d 1 [9342 1.000][179.343 2802.306 583.086] 
fr 484651
ts 63995.673791
6d 1 [12 1.000][518.636 626.746 1019.504 -51.1575 -6.3527 -165.0884][-0.960391 -0.244670 0.133366 0.255748 -0.583883 0.770502 -0.110649 0.774091 0.623330] 
3d 1 [9342 1.000][179.210 2802.415 582.895] 
fr 484652
ts 63995.690453
6d 1 [12 1.000][518.625 626.893 1019.590 -51.1589 -6.3525 -165.0886][-0.960392 -0.244662 0.133372 0.255745 -0.583866 0.770516 -0.110645 0.774106 0.623312] 
3d 1 [9342 1.000][179.429 2802.506 582.838] 
fr 484653
ts 63995.707127
6d 1 [12 1.000][518.607 626.902 1019.650 -51.1492 -6.3557 -165.0895][-0.960390 -0.244719 0.133284 0.255728 -0.583990 0.770428 -0.110701 0.773995 0.623439] 
3d 1 [9342 1.000][179.322 2801.965 583.040] 
fr 484654
ts 63995.723793
6d 1 [12 1.000][518.600 626.923 1019.646 -51.1312 -6.3544 -165.0876][-0.960384 -0.244762 0.133247 0.255761 -0.584229 0.770236 -0.110678 0.773801 0.623684] 
3d 1 [9342 1.000][179.382 2802.632 582.843] 
fr 484655
ts 63995.740464
6d 1 [12 1.000][518.619 626.972 1019.663 -51.1309 -6.3580 -165.0845][-0.960363 -0.244841 0.133250 0.255811 -0.584206 0.770236 -0.110740 0.773793 0.623683] 
3d 1 [9342 1.000][179.010 2802.136 582.826] 
fr 484656
ts 63995.757125
6d 1 [12 1.000][518.596 626.939 1019.582 -51.1306 -6.3510 -165.0825][-0.960367 -0.244772 0.133349 0.255849 -0.584226 0.770208 -0.110619 0.773800 0.623696] 
3d 1 [9342 1.000][179.596 2802.245 583.313] 
fr 484657
ts 63995.773790
6d 1 [12 1.000][518.562 626.985 1019.647 -51.1126 -6.3566 -165.0819][-0.960354 -0.244892 0.133220 0.255855 -0.584446 0.770040 -0.110716 0.773596 0.623932] 
3d 1 [9342 1.000][179.006 2802.571 582.448] 
fr 484658
ts 63995.790453
6d 1 [12 1.000][518.533 627.045 1019.711 -51.1052 -6.3657 -165.0857][-0.960354 -0.244990 0.133042 0.255787 -0.584531 0.769998 -0.110874 0.773501 0.624022] 
3d 1 [9342 1.000][179.494 2801.972 583.247] 
fr 484659
ts 63995.807110
6d 1 [12 1.000][518.425 627.004 1019.687 -51.1275 -6.3719 -165.0876][-0.960351 -0.245000 0.133047 0.255753 -0.584217 0.770247 -0.110982 0.773735 0.623713] 
3d 1 [9342 1.000][179.299 2802.170 582.980] 
fr 484660
ts 63995.823771
6d 1 [12 1.000][518.387 626.927 1019.703 -51.1271 -6.3823 -165.0875][-0.960331 -0.245137 0.132937 0.255749 -0.584186 0.770272 -0.111162 0.773715 0.623706] 
3d 1 [9342 1.000][179.189 2802.630 582.879] 
fr 484661
ts 63995.840422
6d 1 [12 1.000][518.392 626.983 1019.749 -51.1214 -6.4156 -165.0886][-0.960273 -0.245573 0.132548 0.255714 -0.584152 0.770310 -0.111739 0.773602 0.623742] 
3d 1 [9342 1.000][179.371 2801.850 583.079] 
fr 484662
ts 63995.857084
6d 1 [12 1.000][518.372 626.800 1019.731 -51.1143 -6.3966 -165.0902][-0.960316 -0.245326 0.132696 0.255696 -0.584319 0.770188 -0.111410 0.773554 0.623860] 
3d 1 [9342 1.000][179.428 2802.742 582.764] 
fr 484663
ts 63995.873725
6d 1 [12 1.000][518.350 626.781 1019.747 -51.1087 -6.4022 -165.0870][-0.960291 -0.245445 0.132656 0.255747 -0.584361 0.770140 -0.111508 0.773485 0.623929] 
3d 1 [9342 1.000][179.247 2802.274 582.896] 
fr 484664
ts 63995.890388
6d 1 [12 1.000][518.324 626.798 1019.788 -51.1010 -6.4114 -165.0850][-0.960265 -0.245603 0.132553 0.255776 -0.584424 0.770082 -0.111667 0.773387 0.624022] 
3d 1 [9342 1.000][179.490 2802.197 583.129] 
fr 484665
ts 63995.907074
6d 1 [12 1.000][518.313 626.630 1019.810 -51.0746 -6.4106 -165.0827][-0.960257 -0.245676 0.132478 0.255814 -0.584773 0.769805 -0.111653 0.773100 0.624380] 
3d 1 [9342 1.000][179.114 2802.592 582.446] 
fr 484666
ts 63995.923740
6d 1 [12 1.000][518.306 626.649 1019.943 -51.0524 -6.4130 -165.0791][-0.960236 -0.245795 0.132407 0.255874 -0.585048 0.769576 -0.111694 0.772854 0.624676] 
3d 1 [9342 1.000][179.448 2801.615 583.356] 
fr 484667
ts 63995.940417
6d 1 [12 1.000][518.409 626.685 1020.032 -51.0315 -6.4193 -165.0767][-0.960213 -0.245950 0.132283 0.255911 -0.585296 0.769375 -0.111803 0.772617 0.624950] 
3d 1 [9342 1.000][179.051 2802.472 582.628] 
fr 484668
ts 63995.957083
6d 1 [12 1.000][518.402 626.628 1020.068 -51.0347 -6.4246 -165.0742][-0.960192 -0.246038 0.132275 0.255950 -0.585224 0.769417 -0.111895 0.772644 0.624901] 
3d 1 [9342 1.000][179.582 2802.911 582.913] 
fr 484669
ts 63995.973754
6d 1 [12 1.000][518.434 626.615 1020.130 -51.0462 -6.4329 -165.0726][-0.960169 -0.246135 0.132258 0.255973 -0.585034 0.769554 -0.112039 0.772756 0.624736] 
3d 1 [9342 1.000][179.315 2801.724 583.165] 
fr 484670
ts 63995.990420
6d 1 [12 1.000][518.555 626.672 1020.156 -51.0424 -6.4351 -165.0721][-0.960163 -0.246179 0.132224 0.255980 -0.585074 0.769521 -0.112079 0.772712 0.624783] 
3d 1 [9342 1.000][179.287 2802.846 582.625] 
fr 484671
ts 63996.007084
6d 1 [12 1.000][518.659 626.585 1020.169 -51.0307 -6.4257 -165.0796][-0.960214 -0.246007 0.132173 0.255860 -0.585297 0.769392 -0.111915 0.772598 0.624953] 
3d 1 [9342 1.000][179.058 2802.047 583.050] 
fr 484672
ts 63996.023750
6d 1 [12 1.000][518.793 626.599 1020.094 -51.0233 -6.3926 -165.0862][-0.960306 -0.245525 0.132403 0.255766 -0.585538 0.769239 -0.111340 0.772569 0.625093] 
3d 1 [9342 1.000][179.392 2802.191 583.125] 
fr 484673
ts 63996.040411
6d 1 [12 1.000][518.923 626.777 1020.051 -51.0178 -6.3820 -165.0929][-0.960356 -0.245330 0.132400 0.255658 -0.585679 0.769168 -0.111156 0.772524 0.625180] 
3d 1 [9342 1.000][179.139 2802.708 582.610] 
fr 484674
ts 63996.057073
6d 1 [12 1.000][519.003 626.762 1019.932 -51.0208 -6.3584 -165.1249][-0.960543 -0.244689 0.132232 0.255133 -0.585857 0.769206 -0.110747 0.772592 0.625169] 
3d 1 [9342 1.000][179.498 2801.993 583.337] 
fr 484675
ts 63996.073723
6d 1 [12 1.000][519.006 626.807 1019.817 -51.0477 -6.3481 -165.1384][-0.960622 -0.244355 0.132273 0.254912 -0.585589 0.769484 -0.110569 0.772901 0.624819] 
3d 1 [9342 1.000][179.247 2802.730 582.608] 
fr 484676
ts 63996.090389
6d 1 [12 1.000][519.053 626.959 1019.727 -51.0624 -6.3521 -165.1494][-0.960663 -0.244261 0.132147 0.254726 -0.585424 0.769671 -0.110638 0.773056 0.624615] 
3d 1 [9342 1.000][179.486 2802.423 583.011] 
fr 484677
ts 63996.107032
6d 1 [12 1.000][519.114 626.890 1019.551 -51.0857 -6.3309 -165.1594][-0.960747 -0.243828 0.132336 0.254570 -0.585227 0.769873 -0.110270 0.773342 0.624326] 
3d 1 [9342 1.000][179.307 2802.175 582.928] 
fr 484678
ts 63996.123699
6d 1 [12 1.000][519.063 626.814 1019.351 -51.2194 -6.3096 -165.1634][-0.960805 -0.243200 0.133073 0.254512 -0.583520 0.771186 -0.109902 0.774828 0.622546] 
3d 1 [9342 1.000][179.335 2802.757 582.849] 
fr 484679
ts 63996.140391
6d 1 [12 1.000][519.158 626.991 1019.376 -51.2212 -6.3325 -165.1575][-0.960736 -0.243555 0.132920 0.254599 -0.583392 0.771254 -0.110298 0.774813 0.622494] 
3d 1 [9342 1.000][179.398 2801.694 583.086] 
fr 484680
ts 63996.157052
6d 1 [12 1.000][519.197 626.953 1019.354 -51.2181 -6.3203 -165.1636][-0.960786 -0.243340 0.132952 0.254503 -0.583502 0.771203 -0.110087 0.774797 0.622551] 
3d 1 [9342 1.000][179.580 2803.146 582.839] 
fr 484681
ts 63996.173738
6d 1 [12 1.000][519.266 626.981 1019.424 -51.2056 -6.3094 -165.1666][-0.960819 -0.243196 0.132975 0.254459 -0.583720 0.771052 -0.109897 0.774678 0.622733] 
3d 1 [9342 1.000][178.949 2802.445 582.534] 
fr 484682
ts 63996.190400
6d 1 [12 1.000][519.244 627.008 1019.505 -51.1410 -6.3052 -165.1628][-0.960810 -0.243330 0.132796 0.254525 -0.584587 0.770374 -0.109824 0.773982 0.623610] 
3d 1 [9342 1.000][179.548 2801.878 583.376] 
fr 484683
ts 63996.207078
6d 1 [12 1.000][519.188 626.894 1019.523 -51.1168 -6.2988 -165.1373][-0.960708 -0.243563 0.133103 0.254955 -0.584826 0.770049 -0.109714 0.773728 0.623945] 
3d 1 [9342 1.000][179.247 2802.976 582.579] 
fr 484684
ts 63996.223739
6d 1 [12 1.000][519.032 626.687 1019.514 -51.1335 -6.2884 -165.1182][-0.960643 -0.243583 0.133540 0.255281 -0.584557 0.770146 -0.109533 0.773926 0.623732] 
3d 1 [9342 1.000][179.388 2802.417 583.006] 
fr 484685
ts 63996.240411
6d 1 [12 1.000][519.022 626.842 1019.613 -51.1028 -6.2931 -165.1070][-0.960584 -0.243831 0.133509 0.255466 -0.584906 0.769820 -0.109615 0.773584 0.624141] 
3d 1 [9342 1.000][179.251 2802.295 582.985] 
fr 484686
ts 63996.257074
6d 1 [12 1.000][518.966 626.783 1019.668 -51.0897 -6.3174 -165.1056][-0.960533 -0.244192 0.133219 0.255478 -0.584991 0.769751 -0.110035 0.773406 0.624289] 
3d 1 [9342 1.000][179.239 2802.725 582.659] 
fr 484687
ts 63996.273738
6d 1 [12 1.000][518.890 626.935 1019.682 -51.0832 -6.3449 -165.0943][-0.960431 -0.244681 0.133052 0.255653 -0.584936 0.769735 -0.110512 0.773293 0.624344] 
3d 1 [9342 1.000][179.257 2801.834 583.177] 
fr 484688
ts 63996.290399
6d 1 [12 1.000][518.798 626.995 1019.656 -51.0838 -6.3686 -165.0850][-0.960346 -0.245084 0.132930 0.255797 -0.584805 0.769786 -0.110924 0.773264 0.624307] 
3d 1 [9342 1.000][179.389 2802.872 582.719] 
fr 484689
ts 63996.307053
6d 1 [12 1.000][518.707 626.887 1019.486 -51.0971 -6.3655 -165.0887][-0.960368 -0.244975 0.132969 0.255737 -0.584653 0.769922 -0.110871 0.773413 0.624131] 
3d 1 [9342 1.000][179.245 2802.510 582.822] 
fr 484690
ts 63996.323720
6d 1 [12 1.000][518.674 626.942 1019.360 -51.1146 -6.3624 -165.0984][-0.960417 -0.244795 0.132947 0.255576 -0.584470 0.770114 -0.110816 0.773609 0.623898] 
3d 1 [9342 1.000][179.494 2801.972 583.247] 
fr 484691
ts 63996.340367
6d 1 [12 1.000][518.660 627.067 1019.322 -51.1397 -6.3737 -165.0958][-0.960384 -0.244911 0.132971 0.255614 -0.584082 0.770396 -0.111012 0.773865 0.623545] 
3d 1 [9342 1.000][179.195 2802.834 582.524] 
fr 484692
ts 63996.357029
6d 1 [12 1.000][518.576 626.999 1019.238 -51.1491 -6.3683 -165.0935][-0.960384 -0.244842 0.133097 0.255655 -0.583965 0.770471 -0.110920 0.773975 0.623425] 
3d 1 [9342 1.000][179.694 2802.251 583.317] 
fr 484693
ts 63996.373673
6d 1 [12 1.000][518.478 626.910 1019.110 -51.2526 -6.3491 -165.0983][-0.960441 -0.244302 0.133677 0.255585 -0.582659 0.771483 -0.110586 0.775129 0.622049] 
3d 1 [9342 1.000][179.151 2802.488 582.677] 
fr 484694
ts 63996.390332
6d 1 [12 1.000][518.434 627.073 1019.173 -51.2591 -6.3573 -165.1046][-0.960454 -0.244330 0.133534 0.255475 -0.582569 0.771586 -0.110729 0.775188 0.621951] 
3d 1 [9342 1.000][179.284 2802.379 582.868] 
fr 484695
ts 63996.407022
6d 1 [12 1.000][518.357 627.179 1019.167 -51.2594 -6.3679 -165.1369][-0.960578 -0.244138 0.132988 0.254927 -0.582666 0.771694 -0.110913 0.775175 0.621934] 
3d 1 [9342 1.000][179.544 2802.103 583.258] 
fr 484696
ts 63996.423688
6d 1 [12 1.000][518.288 627.305 1019.190 -51.2667 -6.3827 -165.1502][-0.960609 -0.244181 0.132686 0.254698 -0.582573 0.771840 -0.111169 0.775232 0.621817] 
3d 1 [9342 1.000][179.232 2802.484 582.784] 
fr 484697
ts 63996.440371
6d 1 [12 1.000][518.205 627.569 1019.227 -51.2610 -6.4764 -165.1613][-0.960482 -0.245306 0.131529 0.254465 -0.582373 0.772068 -0.112794 0.775027 0.621780] 
3d 1 [9342 1.000][179.311 2801.949 583.047] 
fr 484698
ts 63996.457033
6d 1 [12 1.000][518.012 627.628 1019.122 -51.2491 -6.4977 -165.1681][-0.960471 -0.245543 0.131163 0.254340 -0.582488 0.772023 -0.113164 0.774865 0.621914] 
3d 1 [9342 1.000][179.342 2802.516 582.827] 
fr 484699
ts 63996.473707
6d 1 [12 1.000][517.902 627.749 1019.082 -51.2556 -6.5182 -165.1436][-0.960323 -0.246044 0.131306 0.254740 -0.582226 0.772088 -0.113518 0.774904 0.621802] 
3d 1 [9342 1.000][179.153 2802.462 582.492] 
fr 484700
ts 63996.490369
6d 1 [12 1.000][517.781 627.846 1018.906 -51.2631 -6.5247 -165.1384][-0.960288 -0.246164 0.131339 0.254823 -0.582080 0.772171 -0.113631 0.774975 0.621692] 
3d 1 [9342 1.000][179.739 2802.115 583.267] 
fr 484701
ts 63996.507037
6d 1 [12 1.000][517.716 627.871 1018.763 -51.2692 -6.5233 -165.1313][-0.960259 -0.246205 0.131477 0.254944 -0.581972 0.772213 -0.113607 0.775043 0.621612] 
3d 1 [9342 1.000][179.236 2802.714 582.615] 
fr 484702
ts 63996.523698
6d 1 [12 1.000][517.698 628.122 1018.748 -51.2744 -6.5525 -165.1266][-0.960182 -0.246622 0.131256 0.255007 -0.581780 0.772336 -0.114113 0.775054 0.621505] 
3d 1 [9342 1.000][179.355 2802.086 583.153] 
fr 484703
ts 63996.540360
6d 1 [12 1.000][517.564 628.122 1018.710 -51.2718 -6.5665 -165.0649][-0.959880 -0.247437 0.131929 0.256033 -0.581500 0.772208 -0.114356 0.775005 0.621522] 
3d 1 [9342 1.000][179.181 2802.835 582.672] 
fr 484704
ts 63996.557023
6d 1 [12 1.000][517.491 628.244 1018.735 -51.2714 -6.5759 -165.0732][-0.959899 -0.247477 0.131717 0.255890 -0.581509 0.772249 -0.114519 0.774985 0.621517] 
3d 1 [9342 1.000][179.197 2802.389 582.857] 
fr 484705
ts 63996.573672
6d 1 [12 1.000][517.396 628.159 1018.643 -51.2497 -6.5935 -165.0648][-0.959827 -0.247843 0.131551 0.256021 -0.581704 0.772058 -0.114825 0.774723 0.621788] 
3d 1 [9342 1.000][179.641 2802.109 583.262] 
fr 484706
ts 63996.590338
6d 1 [12 1.000][517.409 628.109 1018.622 -51.2751 -6.6058 -165.0657][-0.959807 -0.247935 0.131522 0.256001 -0.581322 0.772353 -0.115037 0.774979 0.621429] 
3d 1 [9342 1.000][179.049 2802.671 582.324] 
fr 484707
ts 63996.606986
6d 1 [12 1.000][517.432 628.279 1018.734 -51.2386 -6.6214 -165.0804][-0.959843 -0.248073 0.131002 0.255746 -0.581824 0.772059 -0.115307 0.774559 0.621903] 
3d 1 [9342 1.000][179.307 2801.965 583.187] 
fr 484708
ts 63996.623647
6d 1 [12 1.000][517.375 628.331 1018.774 -51.2245 -6.6399 -165.0694][-0.959758 -0.248460 0.130894 0.255920 -0.581901 0.771943 -0.115630 0.774376 0.622070] 
3d 1 [9342 1.000][179.582 2802.911 582.913] 
fr 484709
ts 63996.640340
6d 1 [12 1.000][517.312 628.150 1018.770 -51.2132 -6.6428 -165.0642][-0.959729 -0.248575 0.130885 0.256006 -0.582020 0.771825 -0.115679 0.774250 0.622218] 
3d 1 [9342 1.000][179.007 2802.335 582.522] 
fr 484710
ts 63996.657002
6d 1 [12 1.000][517.320 628.122 1018.764 -51.2051 -6.6158 -165.0585][-0.959756 -0.248300 0.131211 0.256116 -0.582199 0.771653 -0.115211 0.774204 0.622362] 
3d 1 [9342 1.000][179.594 2801.988 583.297] 
fr 484711
ts 63996.673684
6d 1 [12 1.000][517.326 628.121 1018.792 -51.2029 -6.6117 -165.0581][-0.959762 -0.248255 0.131249 0.256125 -0.582241 0.771619 -0.115140 0.774186 0.622397] 
3d 1 [9342 1.000][179.004 2802.807 582.375] 
fr 484712
ts 63996.690348
6d 1 [12 1.000][517.332 628.218 1018.711 -51.2291 -6.6090 -165.0599][-0.959775 -0.248142 0.131366 0.256095 -0.581906 0.771881 -0.115093 0.774475 0.622047] 
3d 1 [9342 1.000][179.546 2801.867 583.331] 
fr 484713
ts 63996.707028
6d 1 [12 1.000][517.272 628.201 1018.722 -51.2234 -6.6073 -165.0573][-0.959767 -0.248159 0.131394 0.256140 -0.581977 0.771813 -0.115064 0.774416 0.622126] 
3d 1 [9342 1.000][179.297 2802.652 582.877] 
fr 484714
ts 63996.723690
6d 1 [12 1.000][517.264 628.243 1018.739 -51.2061 -6.6092 -165.0585][-0.959769 -0.248211 0.131284 0.256119 -0.582209 0.771645 -0.115097 0.774225 0.622357] 
3d 1 [9342 1.000][179.039 2802.446 582.590] 
fr 484715
ts 63996.740362
6d 1 [12 1.000][517.175 628.207 1018.716 -51.1972 -6.6060 -165.0600][-0.959782 -0.248174 0.131259 0.256095 -0.582347 0.771549 -0.115040 0.774133 0.622482] 
3d 1 [9342 1.000][179.502 2801.767 583.455] 
fr 484716
ts 63996.757023
6d 1 [12 1.000][517.090 628.209 1018.694 -51.1923 -6.6078 -165.0619][-0.959787 -0.248190 0.131192 0.256062 -0.582415 0.771508 -0.115072 0.774077 0.622546] 
3d 1 [9342 1.000][179.182 2802.808 582.486] 
fr 484717
ts 63996.773685
6d 1 [12 1.000][517.104 628.356 1018.657 -51.1939 -6.6175 -165.0648][-0.959781 -0.248284 0.131058 0.256009 -0.582371 0.771559 -0.115241 0.774079 0.622512] 
3d 1 [9342 1.000][179.257 2802.080 583.148] 
fr 484718
ts 63996.790349
6d 1 [12 1.000][517.047 628.454 1018.649 -51.1856 -6.6427 -165.0633][-0.959725 -0.248646 0.130779 0.256021 -0.582389 0.771541 -0.115677 0.773950 0.622592] 
3d 1 [9342 1.000][179.488 2802.433 583.056] 
fr 484719
ts 63996.807008
6d 1 [12 1.000][516.862 628.341 1018.620 -51.1811 -6.6424 -165.0655][-0.959735 -0.248631 0.130732 0.255985 -0.582460 0.771500 -0.115673 0.773901 0.622653] 
3d 1 [9342 1.000][178.760 2802.637 582.170] 
fr 484720
ts 63996.823669
6d 1 [12 1.000][516.732 628.322 1018.522 -51.1825 -6.6438 -165.0639][-0.959726 -0.248661 0.130745 0.256010 -0.582430 0.771514 -0.115696 0.773914 0.622632] 
3d 1 [9342 1.000][179.704 2801.564 583.627] 
fr 484721
ts 63996.840316
6d 1 [12 1.000][516.635 628.349 1018.467 -51.1859 -6.6430 -165.0592][-0.959706 -0.248692 0.130832 0.256090 -0.582365 0.771536 -0.115683 0.773953 0.622587] 
3d 1 [9342 1.000][179.097 2802.582 582.549] 
fr 484722
ts 63996.856982
6d 1 [12 1.000][516.578 628.389 1018.459 -51.1924 -6.6504 -165.0622][-0.959705 -0.248742 0.130742 0.256036 -0.582265 0.771630 -0.115810 0.774012 0.622490] 
3d 1 [9342 1.000][179.348 2801.808 583.047] 
fr 484723
ts 63996.873624
6d 1 [12 1.000][516.439 628.483 1018.458 -51.2375 -6.6650 -165.0629][-0.959679 -0.248824 0.130775 0.256017 -0.581609 0.772131 -0.116065 0.774479 0.621862] 
3d 1 [9342 1.000][179.401 2802.443 583.045] 
fr 484724
ts 63996.890289
6d 1 [12 1.000][516.335 628.539 1018.451 -51.2387 -6.7075 -165.0602][-0.959584 -0.249404 0.130371 0.256040 -0.581433 0.772256 -0.116801 0.774424 0.621791] 
3d 1 [9342 1.000][179.033 2802.907 582.398] 
fr 484725
ts 63996.906978
6d 1 [12 1.000][516.236 628.603 1018.491 -51.2394 -6.7361 -165.0548][-0.959504 -0.249829 0.130147 0.256114 -0.581302 0.772330 -0.117296 0.774386 0.621746] 
3d 1 [9342 1.000][179.510 2801.526 583.433] 
fr 484726
ts 63996.923640
6d 1 [12 1.000][516.142 628.538 1018.443 -51.2509 -6.7379 -165.0530][-0.959492 -0.249846 0.130202 0.256144 -0.581132 0.772448 -0.117328 0.774508 0.621588] 
3d 1 [9342 1.000][179.193 2802.614 582.739] 
fr 484727
ts 63996.940320
6d 1 [12 1.000][515.931 628.256 1018.294 -51.2836 -6.7318 -165.0433][-0.959460 -0.249790 0.130540 0.256310 -0.580671 0.772740 -0.117222 0.774872 0.621154] 
3d 1 [9342 1.000][179.109 2802.362 582.616] 
fr 484728
ts 63996.956983
6d 1 [12 1.000][515.887 628.375 1018.336 -51.2982 -6.7307 -165.0354][-0.959427 -0.249822 0.130721 0.256442 -0.580443 0.772867 -0.117203 0.775032 0.620958] 
3d 1 [9342 1.000][179.305 2801.991 583.373] 
fr 484729
ts 63996.973658
6d 1 [12 1.000][515.805 628.304 1018.326 -51.3081 -6.7343 -165.0326][-0.959408 -0.249875 0.130765 0.256487 -0.580285 0.772971 -0.117265 0.775134 0.620819] 
3d 1 [9342 1.000][178.899 2802.732 582.006] 
fr 484730
ts 63996.990321
6d 1 [12 1.000][515.784 628.387 1018.402 -51.3018 -6.7434 -165.0256][-0.959358 -0.250079 0.130736 0.256600 -0.580307 0.772917 -0.117423 0.775051 0.620892] 
3d 1 [9342 1.000][179.560 2801.658 583.443] 
fr 484731
ts 63997.006988
6d 1 [12 1.000][515.762 628.515 1018.463 -51.2832 -6.7555 -165.0158][-0.959290 -0.250379 0.130661 0.256758 -0.580473 0.772740 -0.117632 0.774830 0.621128] 
3d 1 [9342 1.000][179.214 2802.399 582.754] 
fr 484732
ts 63997.023650
6d 1 [12 1.000][515.717 628.408 1018.347 -51.2887 -6.7572 -165.0141][-0.959279 -0.250406 0.130690 0.256786 -0.580385 0.772797 -0.117663 0.774887 0.621052] 
3d 1 [9342 1.000][179.287 2802.846 582.625] 
fr 484733
ts 63997.040310
6d 1 [12 1.000][515.720 628.427 1018.362 -51.2950 -6.7631 -165.0151][-0.959272 -0.250458 0.130642 0.256765 -0.580284 0.772879 -0.117764 0.774946 0.620960] 
3d 1 [9342 1.000][179.414 2801.285 583.502] 
fr 484734
ts 63997.056973
6d 1 [12 1.000][515.718 628.562 1018.409 -51.2999 -6.7775 -165.0141][-0.959239 -0.250646 0.130526 0.256774 -0.580164 0.772966 -0.118014 0.774975 0.620875] 
3d 1 [9342 1.000][179.089 2802.823 582.571] 
fr 484735
ts 63997.073624
6d 1 [12 1.000][515.755 628.440 1018.381 -51.2936 -6.7763 -165.0220][-0.959277 -0.250565 0.130405 0.256643 -0.580288 0.772917 -0.117993 0.774909 0.620962] 
3d 1 [9342 1.000][179.353 2802.075 583.108] 
fr 484736
ts 63997.090290
6d 1 [12 1.000][515.889 628.431 1018.372 -51.2910 -6.7745 -165.0609][-0.959455 -0.250152 0.129888 0.255992 -0.580498 0.772975 -0.117962 0.774884 0.620999] 
3d 1 [9342 1.000][179.588 2802.449 583.105] 
fr 484737
ts 63997.106935
6d 1 [12 1.000][515.969 628.236 1018.143 -51.3001 -6.6730 -165.0733][-0.959710 -0.248679 0.130823 0.255838 -0.580783 0.772812 -0.116202 0.775145 0.621005] 
3d 1 [9342 1.000][179.006 2802.571 582.448] 
fr 484738
ts 63997.123599
6d 1 [12 1.000][516.154 628.136 1018.018 -51.4068 -6.6361 -165.1107][-0.959949 -0.247574 0.131166 0.255230 -0.579634 0.773875 -0.115563 0.776358 0.619607] 
3d 1 [9342 1.000][179.502 2801.767 583.455] 
fr 484739
ts 63997.140236
6d 1 [12 1.000][516.315 628.202 1017.948 -51.4259 -6.6282 -165.1898][-0.960316 -0.246626 0.130262 0.253909 -0.579745 0.774226 -0.115426 0.776576 0.619359] 
3d 1 [9342 1.000][179.104 2802.613 582.683] 
fr 484740
ts 63997.156901
6d 1 [12 1.000][516.437 628.335 1017.973 -51.4288 -6.6456 -165.2365][-0.960489 -0.246375 0.129462 0.253118 -0.579845 0.774410 -0.115727 0.776581 0.619297] 
3d 1 [9342 1.000][179.436 2802.291 583.001] 
fr 484741
ts 63997.173586
6d 1 [12 1.000][516.486 628.239 1017.943 -51.4365 -6.6098 -165.2773][-0.960738 -0.245476 0.129317 0.252452 -0.580040 0.774481 -0.115108 0.776720 0.619238] 
3d 1 [9342 1.000][179.207 2801.703 583.167] 
fr 484742
ts 63997.190249
6d 1 [12 1.000][516.501 628.175 1017.871 -51.4698 -6.5814 -165.2850][-0.960828 -0.244950 0.129652 0.252337 -0.579722 0.774757 -0.114615 0.777124 0.618823] 
3d 1 [9342 1.000][179.376 2803.093 582.652] 
fr 484743
ts 63997.206929
6d 1 [12 1.000][516.522 628.218 1017.942 -51.4731 -6.5674 -165.3007][-0.960924 -0.244600 0.129601 0.252081 -0.579791 0.774789 -0.114372 0.777183 0.618794] 
3d 1 [9342 1.000][179.207 2802.158 582.879] 
fr 484744
ts 63997.223590
6d 1 [12 1.000][516.512 628.342 1018.015 -51.4529 -6.5597 -165.3176][-0.961013 -0.244374 0.129367 0.251802 -0.580163 0.774601 -0.114238 0.776976 0.619078] 
3d 1 [9342 1.000][179.293 2802.421 583.047] 
fr 484745
ts 63997.240258
6d 1 [12 1.000][516.466 628.532 1018.045 -51.4096 -6.5635 -165.3214][-0.961022 -0.244483 0.129090 0.251736 -0.580752 0.774181 -0.114305 0.776502 0.619661] 
3d 1 [9342 1.000][179.236 2802.714 582.615] 
fr 484746
ts 63997.256923
6d 1 [12 1.000][516.300 628.749 1017.972 -51.4039 -6.5762 -165.3135][-0.960963 -0.244742 0.129041 0.251862 -0.580752 0.774140 -0.114524 0.776420 0.619722] 
3d 1 [9342 1.000][179.493 2801.726 583.276] 
fr 484747
ts 63997.273586
6d 1 [12 1.000][516.121 628.843 1017.862 -51.4211 -6.6285 -165.2734][-0.960685 -0.245796 0.129109 0.252508 -0.580167 0.774368 -0.115432 0.776524 0.619423] 
3d 1 [9342 1.000][179.139 2802.955 582.581] 
fr 484748
ts 63997.290250
6d 1 [12 1.000][515.882 628.932 1017.654 -51.4528 -6.6427 -165.2451][-0.960532 -0.246197 0.129479 0.252975 -0.579568 0.774664 -0.115678 0.776844 0.618976] 
3d 1 [9342 1.000][179.438 2802.302 583.045] 
fr 484749
ts 63997.306905
6d 1 [12 1.000][515.751 629.279 1017.507 -51.4921 -6.6843 -165.2178][-0.960330 -0.246929 0.129584 0.253411 -0.578776 0.775114 -0.116399 0.777203 0.618390] 
3d 1 [9342 1.000][179.444 2802.296 582.949] 
fr 484750
ts 63997.323571
6d 1 [12 1.000][515.642 629.481 1017.420 -51.5648 -6.7065 -165.2161][-0.960279 -0.247072 0.129688 0.253427 -0.577707 0.775905 -0.116783 0.777952 0.617375] 
3d 1 [9342 1.000][179.282 2802.369 582.823] 
fr 484751
ts 63997.340219
6d 1 [12 1.000][515.513 629.785 1017.306 -51.5340 -6.7436 -165.1929][-0.960103 -0.247863 0.129482 0.253797 -0.577896 0.775644 -0.117426 0.777560 0.617747] 
3d 1 [9342 1.000][179.153 2802.043 583.010] 
fr 484752
ts 63997.356882
6d 1 [12 1.000][515.435 630.020 1017.238 -51.5446 -6.7543 -165.1858][-0.960051 -0.248051 0.129513 0.253911 -0.577684 0.775764 -0.117611 0.777658 0.617589] 
3d 1 [9342 1.000][179.389 2802.663 582.978] 
fr 484753
ts 63997.373525
6d 1 [12 1.000][515.384 630.202 1017.201 -51.5515 -6.7567 -165.2030][-0.960122 -0.247894 0.129286 0.253622 -0.577656 0.775880 -0.117653 0.777728 0.617492] 
3d 1 [9342 1.000][179.102 2802.603 582.638] 
fr 484754
ts 63997.390190
6d 1 [12 1.000][515.308 630.401 1017.117 -51.5529 -6.7677 -165.1949][-0.960064 -0.248117 0.129286 0.253751 -0.577565 0.775906 -0.117845 0.777726 0.617459] 
3d 1 [9342 1.000][179.492 2802.208 583.174] 
fr 484755
ts 63997.406880
6d 1 [12 1.000][515.248 630.649 1017.044 -51.5302 -6.7813 -165.1947][-0.960036 -0.248349 0.129049 0.253748 -0.577824 0.775713 -0.118080 0.777458 0.617750] 
3d 1 [9342 1.000][179.247 2802.730 582.608] 
fr 484756
ts 63997.423542
6d 1 [12 1.000][515.191 630.684 1016.963 -51.4499 -6.7626 -165.1966][-0.960082 -0.248265 0.128871 0.253726 -0.578984 0.774855 -0.117755 0.776622 0.618863] 
3d 1 [9342 1.000][179.536 2802.554 583.021] 
fr 484757
ts 63997.440224
6d 1 [12 1.000][515.161 630.861 1016.856 -51.4712 -6.7437 -165.2063][-0.960162 -0.247872 0.129028 0.253573 -0.578802 0.775041 -0.117429 0.776883 0.618598] 
3d 1 [9342 1.000][179.199 2802.399 582.902] 
fr 484758
ts 63997.456886
6d 1 [12 1.000][515.123 631.143 1016.765 -51.4885 -6.7487 -165.2249][-0.960235 -0.247710 0.128800 0.253259 -0.578633 0.775270 -0.117514 0.777061 0.618358] 
3d 1 [9342 1.000][179.526 2802.994 582.740] 
fr 484759
ts 63997.473562
6d 1 [12 1.000][515.065 631.191 1016.533 -51.5165 -6.6760 -165.2292][-0.960397 -0.246650 0.129620 0.253224 -0.578523 0.775364 -0.116255 0.777480 0.618070] 
3d 1 [9342 1.000][179.247 2802.520 582.867] 
fr 484760
ts 63997.490224
6d 1 [12 1.000][515.112 631.489 1016.358 -51.5434 -6.6679 -165.2319][-0.960425 -0.246455 0.129785 0.253183 -0.578199 0.775618 -0.116114 0.777782 0.617715] 
3d 1 [9342 1.000][179.334 2802.511 582.878] 
fr 484761
ts 63997.506892
6d 1 [12 1.000][515.158 631.840 1016.139 -51.5537 -6.6538 -165.2334][-0.960459 -0.246233 0.129955 0.253166 -0.578115 0.775687 -0.115870 0.777915 0.617593] 
3d 1 [9342 1.000][179.138 2802.462 582.639] 
fr 484762
ts 63997.523554
6d 1 [12 1.000][515.336 631.998 1015.811 -51.6323 -6.5825 -165.2750][-0.960781 -0.244698 0.130471 0.252505 -0.577475 0.776379 -0.114634 0.778875 0.616614] 
3d 1 [9342 1.000][179.688 2802.466 583.154] 
fr 484763
ts 63997.540213
6d 1 [12 1.000][515.459 632.161 1015.493 -51.6814 -6.5213 -165.2958][-0.960991 -0.243571 0.131035 0.252187 -0.577109 0.776754 -0.113573 0.779499 0.616021] 
3d 1 [9342 1.000][179.238 2802.479 582.688] 
fr 484764
ts 63997.556877
6d 1 [12 1.000][515.704 632.507 1015.263 -51.7087 -6.5008 -165.3243][-0.961155 -0.242951 0.130979 0.251719 -0.576931 0.777038 -0.113216 0.779824 0.615676] 
3d 1 [9342 1.000][179.335 2802.757 582.849] 
fr 484765
ts 63997.573532
6d 1 [12 1.000][516.000 632.686 1015.155 -51.6653 -6.4331 -165.4104][-0.961661 -0.241290 0.130332 0.250308 -0.578116 0.776613 -0.112042 0.779462 0.616349] 
3d 1 [9342 1.000][179.149 2802.268 582.891] 
fr 484766
ts 63997.590194
6d 1 [12 1.000][516.287 633.077 1015.050 -51.6181 -6.4233 -165.4554][-0.961876 -0.240814 0.129626 0.249557 -0.578978 0.776212 -0.111873 0.778969 0.617003] 
3d 1 [9342 1.000][179.484 2802.658 582.937] 
fr 484767
ts 63997.606842
6d 1 [12 1.000][516.592 633.297 1014.962 -51.6484 -6.3800 -165.5212][-0.962244 -0.239512 0.129311 0.248473 -0.578991 0.776550 -0.111123 0.779361 0.616642] 
3d 1 [9342 1.000][179.189 2802.630 582.879] 
fr 484768
ts 63997.623503
6d 1 [12 1.000][516.956 633.344 1014.898 -51.6500 -6.3264 -165.6148][-0.962749 -0.237855 0.128608 0.246927 -0.579542 0.776633 -0.110192 0.779459 0.616685] 
3d 1 [9342 1.000][179.339 2802.532 582.968] 
fr 484769
ts 63997.640145
6d 1 [12 1.000][517.297 633.236 1014.756 -51.6620 -6.2020 -165.6971][-0.963332 -0.235355 0.128840 0.245602 -0.580138 0.776608 -0.108034 0.779774 0.616669] 
3d 1 [9342 1.000][179.058 2802.257 582.791] 
fr 484770
ts 63997.656807
6d 1 [12 1.000][517.720 633.298 1014.695 -51.6746 -6.1390 -165.7937][-0.963859 -0.233517 0.128239 0.244007 -0.580573 0.776785 -0.106940 0.780003 0.616571] 
3d 1 [9342 1.000][179.434 2802.527 582.927] 
fr 484771
ts 63997.673489
6d 1 [12 1.000][518.239 633.292 1014.650 -51.6811 -6.0365 -165.9232][-0.964592 -0.230838 0.127579 0.241874 -0.581351 0.776871 -0.105163 0.780221 0.616600] 
3d 1 [9342 1.000][179.444 2802.296 582.949] 
fr 484772
ts 63997.690157
6d 1 [12 1.000][518.728 633.391 1014.581 -51.6920 -5.9748 -166.0159][-0.965092 -0.229055 0.127010 0.240339 -0.581780 0.777026 -0.104090 0.780427 0.616522] 
3d 1 [9342 1.000][179.626 2803.257 582.760] 
fr 484773
ts 63997.706834
6d 1 [12 1.000][519.185 633.428 1014.533 -51.7073 -5.9101 -166.1138][-0.965614 -0.227173 0.126418 0.238719 -0.582173 0.777231 -0.102968 0.780684 0.616385] 
3d 1 [9342 1.000][178.961 2801.978 582.630] 
fr 484774
ts 63997.723495
6d 1 [12 1.000][519.527 633.265 1014.425 -51.8186 -5.8398 -166.2331][-0.966231 -0.224785 0.125970 0.236737 -0.581363 0.778443 -0.101748 0.781978 0.614946] 
3d 1 [9342 1.000][179.680 2802.917 582.917] 
fr 484775
ts 63997.740165
6d 1 [12 1.000][519.860 633.061 1014.436 -51.8126 -5.7696 -166.3533][-0.966846 -0.222647 0.125048 0.234739 -0.582139 0.778467 -0.100528 0.782012 0.615103] 
3d 1 [9342 1.000][179.326 2802.962 582.641] 
fr 484776
ts 63997.756830
6d 1 [12 1.000][520.165 633.145 1014.569 -51.8018 -5.7388 -166.4499][-0.967293 -0.221280 0.124013 0.233121 -0.582760 0.778489 -0.099994 0.781937 0.615285] 
3d 1 [9342 1.000][179.305 2801.955 583.143] 
fr 484777
ts 63997.773491
6d 1 [12 1.000][520.452 633.287 1014.724 -51.7841 -5.8087 -166.5226][-0.967469 -0.221505 0.122227 0.231864 -0.583059 0.778641 -0.101207 0.781651 0.615450] 
3d 1 [9342 1.000][179.189 2802.593 582.649] 
fr 484778
ts 63997.790156
6d 1 [12 1.000][520.760 633.282 1014.790 -51.6910 -5.7807 -166.6122][-0.967878 -0.220418 0.120945 0.230363 -0.584758 0.777812 -0.100720 0.780689 0.616750] 
3d 1 [9342 1.000][179.340 2802.296 583.041] 
fr 484779
ts 63997.806816
6d 1 [12 1.000][521.081 632.892 1014.883 -51.6197 -5.6840 -166.7115][-0.968440 -0.218272 0.120337 0.228723 -0.586409 0.777052 -0.099042 0.780053 0.617826] 
3d 1 [9342 1.000][179.494 2802.428 582.960] 
fr 484780
ts 63997.823477
6d 1 [12 1.000][521.581 632.875 1015.117 -51.5384 -5.6712 -166.8043][-0.968830 -0.217323 0.118905 0.227161 -0.587904 0.776381 -0.098820 0.779192 0.618946] 
3d 1 [9342 1.000][179.322 2802.941 582.552] 
fr 484781
ts 63997.840129
6d 1 [12 1.000][522.160 632.780 1015.237 -51.5030 -5.6067 -166.9059][-0.969340 -0.215498 0.118074 0.225468 -0.588966 0.776069 -0.097699 0.778896 0.619496] 
3d 1 [9342 1.000][179.300 2801.934 583.053] 
fr 484782
ts 63997.856790
6d 1 [12 1.000][522.822 632.683 1015.275 -51.4308 -5.5444 -167.0137][-0.969865 -0.213711 0.117000 0.223666 -0.590539 0.775395 -0.096617 0.778198 0.620543] 
3d 1 [9342 1.000][179.776 2803.405 582.819] 
fr 484783
ts 63997.873432
6d 1 [12 1.000][523.326 632.465 1015.334 -51.3827 -5.4751 -167.1461][-0.970492 -0.211526 0.115764 0.221452 -0.591891 0.775000 -0.095413 0.777768 0.621268] 
3d 1 [9342 1.000][178.858 2802.434 582.434] 
fr 484784
ts 63997.890098
6d 1 [12 1.000][523.725 632.157 1015.230 -51.4203 -5.3784 -167.3566][-0.971455 -0.207994 0.114075 0.217919 -0.592442 0.775579 -0.093733 0.778300 0.620857] 
3d 1 [9342 1.000][179.937 2802.384 583.291] 
fr 484785
ts 63997.906787
6d 1 [12 1.000][524.032 632.199 1015.290 -51.4339 -5.3303 -167.5492][-0.972259 -0.205336 0.112024 0.214669 -0.593095 0.775987 -0.092897 0.778508 0.620721] 
3d 1 [9342 1.000][179.093 2802.808 582.430] 
fr 484786
ts 63997.923449
6d 1 [12 1.000][524.207 632.243 1015.368 -51.3692 -5.3140 -167.7503][-0.973032 -0.203160 0.109244 0.211261 -0.594735 0.775667 -0.092613 0.777828 0.621616] 
3d 1 [9342 1.000][179.153 2801.797 583.039] 
fr 484787
ts 63997.940132
6d 1 [12 1.000][524.134 632.468 1015.399 -51.3490 -5.4154 -167.8866][-0.973370 -0.203128 0.106251 0.208910 -0.595201 0.775946 -0.094376 0.777479 0.621787] 
3d 1 [9342 1.000][179.291 2802.657 582.973] 
fr 484788
ts 63997.956794
6d 1 [12 1.000][523.974 632.773 1015.314 -51.3656 -5.5000 -168.0015][-0.973650 -0.203026 0.103856 0.206929 -0.595144 0.776521 -0.095845 0.777550 0.621474] 
3d 1 [9342 1.000][179.426 2803.224 582.662] 
fr 484789
ts 63997.973466
6d 1 [12 1.000][523.890 633.137 1015.160 -51.4452 -5.5783 -168.1780][-0.974154 -0.202093 0.100913 0.203902 -0.594469 0.777837 -0.097206 0.778309 0.620311] 
3d 1 [9342 1.000][179.406 2801.735 583.265] 
fr 484790
ts 63997.990131
6d 1 [12 1.000][523.826 633.830 1014.983 -51.4689 -5.6923 -168.3746][-0.974656 -0.201528 0.097118 0.200519 -0.594525 0.778674 -0.099186 0.778413 0.619867] 
3d 1 [9342 1.000][179.325 2803.444 582.539] 
fr 484791
ts 63998.006800
6d 1 [12 1.000][523.721 634.550 1014.738 -51.4911 -5.7986 -168.5350][-0.975032 -0.201241 0.093888 0.197752 -0.594498 0.779401 -0.101032 0.778507 0.619450] 
3d 1 [9342 1.000][179.097 2802.126 582.837] 
fr 484792
ts 63998.023462
6d 1 [12 1.000][523.486 634.860 1014.151 -51.6564 -5.8052 -168.6693][-0.975481 -0.199670 0.092568 0.195464 -0.592698 0.781347 -0.101147 0.780283 0.617194] 
3d 1 [9342 1.000][179.790 2802.493 583.248] 
fr 484793
ts 63998.040124
6d 1 [12 1.000][523.339 635.647 1013.553 -51.8028 -5.8906 -168.7944][-0.975757 -0.199285 0.090469 0.193304 -0.590908 0.783238 -0.102629 0.781738 0.615104] 
3d 1 [9342 1.000][179.087 2803.022 582.267] 
fr 484794
ts 63998.056786
6d 1 [12 1.000][523.342 636.488 1012.796 -51.9379 -5.9425 -168.8560][-0.975872 -0.199135 0.089550 0.192237 -0.589136 0.784833 -0.103531 0.783111 0.613203] 
3d 1 [9342 1.000][179.613 2801.799 583.498] 
fr 484795
ts 63998.073441
6d 1 [12 1.000][523.394 637.297 1011.904 -52.0382 -5.9466 -168.9897][-0.976311 -0.197660 0.088021 0.189958 -0.588213 0.786080 -0.103601 0.784178 0.611826] 
3d 1 [9342 1.000][179.193 2802.824 582.480] 
fr 484796
ts 63998.090103
6d 1 [12 1.000][523.378 638.095 1011.052 -52.1678 -6.0041 -169.0784][-0.976501 -0.197326 0.086647 0.188425 -0.586589 0.787661 -0.104600 0.785478 0.609986] 
3d 1 [9342 1.000][179.330 2802.736 582.760] 
fr 484797
ts 63998.106747
6d 1 [12 1.000][523.462 639.111 1010.463 -52.2785 -6.0650 -169.2082][-0.976816 -0.196654 0.084607 0.186193 -0.585355 0.789108 -0.105656 0.786566 0.608400] 
3d 1 [9342 1.000][179.600 2801.773 583.460] 
fr 484798
ts 63998.123412
6d 1 [12 1.000][523.527 639.820 1009.631 -52.4892 -6.0804 -169.3586][-0.977273 -0.195020 0.083091 0.183622 -0.582923 0.791507 -0.105924 0.788776 0.605485] 
3d 1 [9342 1.000][179.280 2803.061 582.462] 
fr 484799
ts 63998.140055
6d 1 [12 1.000][523.462 640.687 1008.866 -52.5472 -6.0703 -169.4363][-0.977540 -0.194010 0.082319 0.182300 -0.582411 0.792190 -0.105749 0.789404 0.604698] 
3d 1 [9342 1.000][179.137 2801.722 583.054] 
fr 484800
ts 63998.156716
6d 1 [12 1.000][523.354 641.343 1008.055 -52.6577 -6.0698 -169.5017][-0.977748 -0.193181 0.081793 0.181185 -0.581104 0.793404 -0.105740 0.790569 0.603175] 
3d 1 [9342 1.000][179.534 2802.790 582.948] 
fr 484801
ts 63998.173403
6d 1 [12 1.000][523.224 641.967 1007.492 -52.7351 -6.0996 -169.5991][-0.978000 -0.192489 0.080396 0.179513 -0.580285 0.794383 -0.106257 0.791339 0.602073] 
3d 1 [9342 1.000][179.041 2802.456 582.634] 
fr 484802
ts 63998.190064
6d 1 [12 1.000][523.078 642.558 1006.950 -52.9096 -6.1448 -169.6695][-0.978137 -0.192148 0.079539 0.178296 -0.577987 0.796330 -0.107041 0.793102 0.599610] 
3d 1 [9342 1.000][179.610 2801.543 583.482] 
fr 484803
ts 63998.206740
6d 1 [12 1.000][523.050 643.337 1006.606 -52.9914 -6.2065 -169.7084][-0.978144 -0.192484 0.078636 0.177610 -0.576827 0.797324 -0.108113 0.793864 0.598407] 
3d 1 [9342 1.000][179.035 2802.917 582.443] 
fr 484804
ts 63998.223405
6d 1 [12 1.000][522.992 644.031 1006.214 -52.9979 -6.2537 -169.7363][-0.978143 -0.192837 0.077785 0.177118 -0.576714 0.797515 -0.108931 0.793861 0.598264] 
3d 1 [9342 1.000][179.399 2802.223 583.259] 
fr 484805
ts 63998.240077
6d 1 [12 1.000][522.822 644.624 1005.783 -53.0193 -6.3097 -169.7332][-0.978028 -0.193603 0.077325 0.177152 -0.576267 0.797830 -0.109903 0.793999 0.597903] 
3d 1 [9342 1.000][179.248 2802.038 582.969] 
fr 484806
ts 63998.256739
6d 1 [12 1.000][522.603 645.117 1005.257 -53.0706 -6.3933 -169.7127][-0.977806 -0.194881 0.076927 0.177473 -0.575275 0.798475 -0.111353 0.794405 0.597093] 
3d 1 [9342 1.000][179.287 2803.092 582.596] 
fr 484807
ts 63998.273405
6d 1 [12 1.000][522.294 645.394 1004.526 -53.2905 -6.4345 -169.7077][-0.977711 -0.195197 0.077325 0.177544 -0.572087 0.800746 -0.112067 0.796627 0.593992] 
3d 1 [9342 1.000][179.513 2801.992 583.190] 
fr 484808
ts 63998.290068
6d 1 [12 1.000][522.052 645.632 1003.997 -53.3579 -6.4283 -169.7556][-0.977871 -0.194544 0.076948 0.176730 -0.571323 0.801471 -0.111960 0.797335 0.593062] 
3d 1 [9342 1.000][179.130 2802.703 582.661] 
fr 484809
ts 63998.306724
6d 1 [12 1.000][521.854 646.062 1003.554 -53.4608 -6.4622 -169.8008][-0.977945 -0.194421 0.076318 0.175946 -0.569953 0.802618 -0.112548 0.798344 0.591590] 
3d 1 [9342 1.000][179.291 2802.411 583.002] 
fr 484810
ts 63998.323388
6d 1 [12 1.000][521.643 646.395 1003.199 -53.5523 -6.4962 -169.8685][-0.978086 -0.194093 0.075334 0.174778 -0.568816 0.803680 -0.113138 0.799235 0.590274] 
3d 1 [9342 1.000][179.395 2802.448 583.141] 
fr 484811
ts 63998.340040
6d 1 [12 1.000][521.375 646.428 1002.766 -53.6655 -6.5027 -169.9165][-0.978220 -0.193557 0.074978 0.173956 -0.567373 0.804877 -0.113249 0.800390 0.588686] 
3d 1 [9342 1.000][179.195 2802.834 582.524] 
fr 484812
ts 63998.356700
6d 1 [12 1.000][521.125 646.815 1002.553 -53.7409 -6.5493 -169.9633][-0.978270 -0.193639 0.074104 0.173142 -0.566358 0.805767 -0.114059 0.801089 0.587578] 
3d 1 [9342 1.000][179.401 2801.987 583.332] 
fr 484813
ts 63998.373343
6d 1 [12 1.000][520.874 647.206 1002.271 -53.7465 -6.6096 -170.0054][-0.978279 -0.194045 0.072922 0.172401 -0.566276 0.805984 -0.115103 0.801048 0.587429] 
3d 1 [9342 1.000][179.287 2802.846 582.625] 
fr 484814
ts 63998.390009
6d 1 [12 1.000][520.558 647.417 1001.916 -53.7605 -6.6542 -170.0475][-0.978316 -0.194225 0.071927 0.171667 -0.566113 0.806255 -0.115876 0.801120 0.587180] 
3d 1 [9342 1.000][179.582 2802.911 582.913] 
fr 484815
ts 63998.406695
6d 1 [12 1.000][520.222 647.472 1001.488 -53.8378 -6.6726 -170.0971][-0.978428 -0.193893 0.071304 0.170813 -0.565149 0.807112 -0.116196 0.801881 0.586077] 
3d 1 [9342 1.000][179.297 2802.405 582.906] 
fr 484816
ts 63998.423361
6d 1 [12 1.000][519.906 647.668 1001.028 -53.9549 -6.6527 -170.1453][-0.978611 -0.192998 0.071221 0.169998 -0.563708 0.808290 -0.115851 0.803109 0.584461] 
3d 1 [9342 1.000][179.481 2802.402 582.921] 
fr 484817
ts 63998.440044
6d 1 [12 1.000][519.560 648.073 1000.484 -54.1053 -6.7122 -170.1739][-0.978577 -0.193353 0.070727 0.169488 -0.561538 0.809906 -0.116882 0.804543 0.582279] 
3d 1 [9342 1.000][179.486 2802.669 582.982] 
fr 484818
ts 63998.456706
6d 1 [12 1.000][519.206 648.687 999.704 -54.2753 -6.7504 -170.1869][-0.978538 -0.193545 0.070736 0.169254 -0.559084 0.811652 -0.117544 0.806204 0.579843] 
3d 1 [9342 1.000][179.332 2802.747 582.804] 
fr 484819
ts 63998.473382
6d 1 [12 1.000][518.851 649.456 999.025 -54.3868 -6.8058 -170.0959][-0.978155 -0.195062 0.071852 0.170788 -0.557062 0.812720 -0.118505 0.807238 0.578208] 
3d 1 [9342 1.000][179.490 2802.197 583.129] 
fr 484820
ts 63998.490043
6d 1 [12 1.000][518.477 650.099 998.209 -54.6446 -6.8502 -170.1056][-0.978094 -0.195261 0.072152 0.170606 -0.553324 0.815307 -0.119274 0.809757 0.574515] 
3d 1 [9342 1.000][179.682 2803.173 582.933] 
fr 484821
ts 63998.506713
6d 1 [12 1.000][518.076 650.500 997.290 -54.8281 -6.8866 -170.1308][-0.978094 -0.195295 0.072059 0.170162 -0.550708 0.817169 -0.119905 0.811530 0.571876] 
3d 1 [9342 1.000][179.153 2802.499 582.722] 
fr 484822
ts 63998.523375
6d 1 [12 1.000][517.607 651.199 996.389 -55.0390 -7.0111 -170.1508][-0.977894 -0.196579 0.071275 0.169777 -0.547461 0.819428 -0.122062 0.813414 0.568734] 
3d 1 [9342 1.000][179.682 2802.927 582.962] 
fr 484823
ts 63998.540036
6d 1 [12 1.000][517.132 651.861 995.453 -55.2537 -7.1049 -170.1700][-0.977752 -0.197444 0.070823 0.169415 -0.544225 0.821655 -0.123687 0.815374 0.565567] 
3d 1 [9342 1.000][179.282 2802.825 582.535] 
fr 484824
ts 63998.556699
6d 1 [12 1.000][516.738 652.561 994.657 -55.4754 -7.1801 -170.1986][-0.977676 -0.197954 0.070448 0.168899 -0.540957 0.823917 -0.124988 0.817422 0.562315] 
3d 1 [9342 1.000][179.535 2802.308 583.050] 
fr 484825
ts 63998.573353
6d 1 [12 1.000][516.173 652.842 993.825 -55.6579 -7.1919 -170.2380][-0.977767 -0.197524 0.070396 0.168221 -0.538438 0.825703 -0.125192 0.819187 0.559695] 
3d 1 [9342 1.000][179.430 2802.999 582.780] 
fr 484826
ts 63998.590016
6d 1 [12 1.000][515.605 653.500 993.155 -55.8067 -7.2934 -170.3105][-0.977759 -0.198095 0.068889 0.166946 -0.536297 0.827354 -0.126950 0.820454 0.557440] 
3d 1 [9342 1.000][179.241 2802.735 582.704] 
fr 484827
ts 63998.606665
6d 1 [12 1.000][515.162 653.893 992.716 -55.8704 -7.3358 -170.3521][-0.977787 -0.198230 0.068102 0.166221 -0.535417 0.828069 -0.127685 0.820995 0.556474] 
3d 1 [9342 1.000][179.405 2802.217 583.163] 
fr 484828
ts 63998.623326
6d 1 [12 1.000][514.874 654.453 992.531 -55.8924 -7.4144 -170.4034][-0.977762 -0.198835 0.066685 0.165316 -0.535090 0.828462 -0.129045 0.821063 0.556061] 
3d 1 [9342 1.000][179.280 2802.851 582.721] 
fr 484829
ts 63998.639964
6d 1 [12 1.000][514.592 654.851 992.447 -55.9319 -7.4909 -170.4671][-0.977774 -0.199277 0.065169 0.164201 -0.534557 0.829028 -0.130370 0.821302 0.555398] 
3d 1 [9342 1.000][179.212 2802.179 582.969] 
fr 484830
ts 63998.656630
6d 1 [12 1.000][514.263 654.823 992.382 -55.9743 -7.5317 -170.5707][-0.977978 -0.198839 0.063427 0.162417 -0.534207 0.829604 -0.131075 0.821636 0.554738] 
3d 1 [9342 1.000][179.734 2802.822 583.046] 
fr 484831
ts 63998.673317
6d 1 [12 1.000][514.067 655.155 992.482 -55.9729 -7.5942 -170.6607][-0.978090 -0.198886 0.061521 0.160857 -0.534393 0.829788 -0.132157 0.821504 0.554677] 
3d 1 [9342 1.000][179.141 2802.928 582.396] 
fr 484832
ts 63998.689979
6d 1 [12 1.000][513.820 655.338 992.563 -55.9750 -7.6528 -170.7567][-0.978224 -0.198817 0.059578 0.159197 -0.534560 0.830001 -0.133171 0.821412 0.554571] 
3d 1 [9342 1.000][179.741 2802.125 583.311] 
fr 484833
ts 63998.706655
6d 1 [12 1.000][513.569 655.405 992.633 -55.9638 -7.6965 -170.8560][-0.978398 -0.198520 0.057683 0.157484 -0.534966 0.830066 -0.133926 0.821219 0.554674] 
3d 1 [9342 1.000][179.526 2802.994 582.740] 
fr 484834
ts 63998.723315
6d 1 [12 1.000][513.379 655.535 992.711 -55.9671 -7.7608 -170.9304][-0.978453 -0.198731 0.056003 0.156190 -0.535031 0.830269 -0.135037 0.821126 0.554543] 
3d 1 [9342 1.000][179.137 2802.489 582.824] 
fr 484835
ts 63998.739990
6d 1 [12 1.000][513.085 655.476 992.634 -56.0510 -7.8144 -170.9954][-0.978504 -0.198803 0.054839 0.155060 -0.533920 0.831196 -0.135964 0.821832 0.553269] 
3d 1 [9342 1.000][179.205 2801.938 583.093] 
fr 484836
ts 63998.756655
6d 1 [12 1.000][512.895 655.405 992.597 -56.0535 -7.7939 -171.0781][-0.978775 -0.197740 0.053844 0.153655 -0.534215 0.831267 -0.135610 0.821896 0.553260] 
3d 1 [9342 1.000][179.278 2802.841 582.676] 
fr 484837
ts 63998.773318
6d 1 [12 1.000][512.799 655.504 992.562 -56.0669 -7.8609 -171.1373][-0.978776 -0.198124 0.052392 0.152619 -0.534077 0.831546 -0.136768 0.821893 0.552979] 
3d 1 [9342 1.000][179.394 2802.202 583.169] 
fr 484838
ts 63998.789982
6d 1 [12 1.000][512.668 655.643 992.457 -56.1203 -7.8995 -171.1887][-0.978821 -0.198145 0.051462 0.151727 -0.533395 0.832147 -0.137436 0.822331 0.552162] 
3d 1 [9342 1.000][179.385 2802.888 582.859] 
fr 484839
ts 63998.806641
6d 1 [12 1.000][512.572 655.623 992.429 -56.1290 -7.9043 -171.1913][-0.978816 -0.198180 0.051409 0.151681 -0.533266 0.832238 -0.137518 0.822406 0.552029] 
3d 1 [9342 1.000][179.126 2802.929 582.543] 
fr 484840
ts 63998.823303
6d 1 [12 1.000][512.393 655.476 992.258 -56.1768 -7.9020 -171.1955][-0.978833 -0.198066 0.051535 0.151610 -0.532592 0.832683 -0.137479 0.822870 0.551347] 
3d 1 [9342 1.000][179.303 2801.735 583.357] 
fr 484841
ts 63998.839956
6d 1 [12 1.000][512.330 655.597 992.240 -56.2058 -7.9448 -171.1656][-0.978652 -0.198926 0.051663 0.152105 -0.531971 0.832989 -0.138220 0.823064 0.550872] 
3d 1 [9342 1.000][179.276 2802.830 582.631] 
fr 484842
ts 63998.856619
6d 1 [12 1.000][512.291 655.597 992.240 -56.2146 -7.9447 -171.1492][-0.978609 -0.199068 0.051933 0.152385 -0.531787 0.833056 -0.138217 0.823149 0.550746] 
3d 1 [9342 1.000][179.341 2802.542 583.012] 
fr 484843
ts 63998.873259
6d 1 [12 1.000][512.288 655.681 992.227 -56.2140 -7.9608 -171.1026][-0.978446 -0.199729 0.052457 0.153175 -0.531598 0.833031 -0.138495 0.823111 0.550734] 
3d 1 [9342 1.000][179.494 2802.428 582.960] 
fr 484844
ts 63998.889925
6d 1 [12 1.000][512.316 655.758 992.226 -56.1663 -7.9694 -171.0597][-0.978310 -0.200294 0.052830 0.153904 -0.532123 0.832561 -0.138645 0.822634 0.551408] 
3d 1 [9342 1.000][179.270 2803.045 582.468] 
fr 484845
ts 63998.906611
6d 1 [12 1.000][512.313 655.527 992.168 -56.1693 -7.9219 -171.0289][-0.978341 -0.199904 0.053741 0.154448 -0.532078 0.832490 -0.137824 0.822758 0.551428] 
3d 1 [9342 1.000][179.402 2801.961 583.147] 
fr 484846
ts 63998.923277
6d 1 [12 1.000][512.465 655.645 992.169 -56.1646 -7.9340 -171.0087][-0.978258 -0.200266 0.053904 0.154789 -0.532048 0.832445 -0.138031 0.822690 0.551479] 
3d 1 [9342 1.000][179.680 2802.917 582.917] 
fr 484847
ts 63998.939961
6d 1 [12 1.000][512.660 655.757 992.260 -56.1458 -7.9374 -170.9932][-0.978207 -0.200477 0.054031 0.155052 -0.532259 0.832262 -0.138091 0.822502 0.551744] 
3d 1 [9342 1.000][179.058 2802.466 582.532] 
fr 484848
ts 63998.956624
6d 1 [12 1.000][512.826 655.600 992.257 -56.0942 -7.8815 -170.9972][-0.978351 -0.199696 0.054323 0.155004 -0.533148 0.831701 -0.137125 0.822116 0.552559] 
3d 1 [9342 1.000][179.546 2801.867 583.331] 
fr 484849
ts 63998.973299
6d 1 [12 1.000][513.094 655.708 992.267 -56.0899 -7.8801 -171.0049][-0.978375 -0.199608 0.054211 0.154874 -0.533240 0.831666 -0.137100 0.822077 0.552623] 
3d 1 [9342 1.000][179.179 2803.071 582.598] 
fr 484850
ts 63998.989960
6d 1 [12 1.000][513.360 655.681 992.109 -56.1305 -7.7961 -170.9949][-0.978546 -0.198472 0.055297 0.155075 -0.532805 0.831908 -0.135648 0.822635 0.552152] 
3d 1 [9342 1.000][179.454 2801.610 583.260] 
fr 484851
ts 63999.006630
6d 1 [12 1.000][513.644 655.689 992.069 -56.1341 -7.7640 -171.0571][-0.978788 -0.197435 0.054711 0.154025 -0.533039 0.831953 -0.135093 0.822732 0.552143] 
3d 1 [9342 1.000][179.442 2802.323 583.135] 
fr 484852
ts 63999.023291
6d 1 [12 1.000][513.950 655.788 991.991 -56.1351 -7.7437 -171.0604][-0.978844 -0.197115 0.054861 0.153977 -0.533081 0.831935 -0.134741 0.822782 0.552155] 
3d 1 [9342 1.000][179.139 2802.918 582.351] 
fr 484853
ts 63999.039954
6d 1 [12 1.000][514.231 655.898 991.857 -56.1305 -7.7182 -171.0717][-0.978934 -0.196653 0.054923 0.153793 -0.533245 0.831864 -0.134301 0.822787 0.552255] 
3d 1 [9342 1.000][179.464 2801.416 583.512] 
fr 484854
ts 63999.056616
6d 1 [12 1.000][514.522 655.948 991.755 -56.1673 -7.6800 -171.0619][-0.978996 -0.196166 0.055555 0.153974 -0.532761 0.832140 -0.133640 0.823216 0.551775] 
3d 1 [9342 1.000][179.630 2803.278 582.850] 
fr 484855
ts 63999.073268
6d 1 [12 1.000][514.717 655.900 991.647 -56.1963 -7.6547 -171.0622][-0.979055 -0.195776 0.055890 0.153977 -0.532398 0.832372 -0.133202 0.823544 0.551391] 
3d 1 [9342 1.000][179.147 2802.258 582.847] 
fr 484856
ts 63999.089933
6d 1 [12 1.000][514.935 655.953 991.603 -56.2539 -7.6301 -171.1231][-0.979274 -0.194804 0.055436 0.152945 -0.531823 0.832929 -0.132776 0.824145 0.550595] 
3d 1 [9342 1.000][179.650 2801.905 583.470] 
fr 484857
ts 63999.106579
6d 1 [12 1.000][515.166 655.941 991.538 -56.2721 -7.5946 -171.1301][-0.979374 -0.194218 0.055732 0.152838 -0.531661 0.833053 -0.132163 0.824389 0.550379] 
3d 1 [9342 1.000][179.139 2803.164 582.322] 
fr 484858
ts 63999.123244
6d 1 [12 1.000][515.341 655.970 991.607 -56.2647 -7.5850 -171.1540][-0.979459 -0.193867 0.055450 0.152433 -0.531871 0.832993 -0.131997 0.824335 0.550498] 
3d 1 [9342 1.000][179.363 2801.881 583.361] 
fr 484859
ts 63999.139887
6d 1 [12 1.000][515.434 655.868 991.578 -56.2752 -7.5697 -171.1654][-0.979525 -0.193533 0.055467 0.152245 -0.531790 0.833079 -0.131731 0.824466 0.550366] 
3d 1 [9342 1.000][179.488 2802.187 583.084] 
fr 484860
ts 63999.156548
6d 1 [12 1.000][515.598 655.766 991.635 -56.2601 -7.5427 -171.1808][-0.979627 -0.193022 0.055448 0.151991 -0.532121 0.832914 -0.131266 0.824372 0.550617] 
3d 1 [9342 1.000][179.279 2803.087 582.647] 
fr 484861
ts 63999.173231
6d 1 [12 1.000][515.767 655.873 991.767 -56.1985 -7.5232 -171.1925][-0.979702 -0.192695 0.055255 0.151797 -0.533099 0.832324 -0.130928 0.823817 0.551529] 
3d 1 [9342 1.000][179.332 2801.524 583.322] 
fr 484862
ts 63999.189897
6d 1 [12 1.000][515.874 655.862 991.823 -56.2227 -7.5412 -171.1903][-0.979655 -0.192948 0.055199 0.151829 -0.532701 0.832573 -0.131239 0.824015 0.551158] 
3d 1 [9342 1.000][179.270 2803.291 582.439] 
fr 484863
ts 63999.206573
6d 1 [12 1.000][515.943 655.586 991.824 -56.1565 -7.5065 -171.1872][-0.979725 -0.192548 0.055351 0.151894 -0.533728 0.831903 -0.130639 0.823444 0.552153] 
3d 1 [9342 1.000][179.354 2801.840 583.182] 
fr 484864
ts 63999.223238
6d 1 [12 1.000][516.037 655.632 991.893 -56.1617 -7.4983 -171.1636][-0.979681 -0.192646 0.055788 0.152300 -0.533591 0.831917 -0.130497 0.823510 0.552089] 
3d 1 [9342 1.000][179.594 2802.481 583.239] 
fr 484865
ts 63999.239912
6d 1 [12 1.000][516.098 655.653 991.981 -56.1656 -7.4966 -171.1571][-0.979668 -0.192678 0.055913 0.152412 -0.533517 0.831944 -0.130467 0.823550 0.552036] 
3d 1 [9342 1.000][179.035 2802.917 582.443] 
fr 484866
ts 63999.256574
6d 1 [12 1.000][516.178 655.516 992.094 -56.0899 -7.4810 -171.0921][-0.979529 -0.193137 0.056750 0.153529 -0.534430 0.831152 -0.130197 0.822850 0.553142] 
3d 1 [9342 1.000][179.598 2802.009 583.386] 
fr 484867
ts 63999.273240
6d 1 [12 1.000][516.155 655.288 992.115 -56.1069 -7.4585 -171.0616][-0.979498 -0.193086 0.057464 0.154058 -0.534131 0.831246 -0.129808 0.823056 0.552927] 
3d 1 [9342 1.000][179.141 2802.473 582.684] 
fr 484868
ts 63999.289903
6d 1 [12 1.000][516.203 655.334 992.233 -56.0927 -7.4558 -171.0402][-0.979446 -0.193261 0.057753 0.154426 -0.534272 0.831088 -0.129761 0.822924 0.553135] 
3d 1 [9342 1.000][179.384 2802.396 582.917] 
fr 484869
ts 63999.306557
6d 1 [12 1.000][516.215 655.238 992.383 -56.0554 -7.4518 -171.0321][-0.979434 -0.193316 0.057782 0.154564 -0.534795 0.830725 -0.129691 0.822571 0.553676] 
3d 1 [9342 1.000][179.452 2801.636 583.445] 
fr 484870
ts 63999.323223
6d 1 [12 1.000][516.262 655.250 992.594 -55.9435 -7.4635 -170.9961][-0.979310 -0.193932 0.057814 0.155176 -0.536267 0.829661 -0.129894 0.821467 0.555266] 
3d 1 [9342 1.000][179.126 2802.682 582.572] 
fr 484871
ts 63999.339874
6d 1 [12 1.000][516.302 655.048 992.797 -55.9268 -7.4613 -171.0002][-0.979326 -0.193880 0.057718 0.155106 -0.536528 0.829506 -0.129857 0.821309 0.555508] 
3d 1 [9342 1.000][179.309 2801.729 583.261] 
fr 484872
ts 63999.356538
6d 1 [12 1.000][516.501 654.780 993.302 -55.8144 -7.4468 -171.0994][-0.979625 -0.192855 0.056043 0.153415 -0.538522 0.828528 -0.129606 0.820244 0.557137] 
3d 1 [9342 1.000][179.584 2802.675 582.987] 
fr 484873
ts 63999.373184
6d 1 [12 1.000][516.766 654.597 993.714 -55.7628 -7.4320 -171.1494][-0.979792 -0.192226 0.055289 0.152566 -0.539468 0.828069 -0.129349 0.819771 0.557893] 
3d 1 [9342 1.000][179.093 2802.352 582.718] 
fr 484874
ts 63999.389845
6d 1 [12 1.000][517.130 654.358 994.109 -55.7017 -7.3936 -171.1861][-0.979975 -0.191396 0.054924 0.151951 -0.540558 0.827471 -0.128685 0.819246 0.558816] 
3d 1 [9342 1.000][179.502 2801.731 583.225] 
fr 484875
ts 63999.406531
6d 1 [12 1.000][517.564 654.146 994.443 -55.6149 -7.2914 -171.1773][-0.980177 -0.190120 0.055749 0.152137 -0.542006 0.826489 -0.126916 0.818587 0.560186] 
3d 1 [9342 1.000][179.243 2802.499 582.778] 
fr 484876
ts 63999.423197
6d 1 [12 1.000][518.094 653.760 994.618 -55.6007 -7.1466 -171.1424][-0.980398 -0.188420 0.057605 0.152784 -0.542412 0.826103 -0.124409 0.818710 0.560567] 
3d 1 [9342 1.000][179.536 2802.554 583.021] 
fr 484877
ts 63999.439881
6d 1 [12 1.000][518.846 653.570 994.755 -55.5410 -7.0074 -171.0346][-0.980404 -0.187538 0.060308 0.154674 -0.543227 0.825215 -0.121998 0.818373 0.561589] 
3d 1 [9342 1.000][179.203 2802.384 582.761] 
fr 484878
ts 63999.456543
6d 1 [12 1.000][519.777 653.258 994.862 -55.4689 -6.7976 -170.9646][-0.980649 -0.185320 0.063115 0.155941 -0.544506 0.824133 -0.118362 0.818028 0.562868] 
3d 1 [9342 1.000][179.332 2802.747 582.804] 
fr 484879
ts 63999.473220
6d 1 [12 1.000][520.871 653.031 994.911 -55.3944 -6.5561 -170.8796][-0.980901 -0.182809 0.066442 0.157472 -0.545849 0.822953 -0.114176 0.817698 0.564211] 
3d 1 [9342 1.000][179.154 2802.289 582.981] 
fr 484880
ts 63999.489881
6d 1 [12 1.000][521.893 653.262 995.013 -55.3908 -6.4343 -170.8365][-0.981019 -0.181508 0.068235 0.158249 -0.546038 0.822678 -0.112064 0.817861 0.564398] 
3d 1 [9342 1.000][179.247 2802.274 582.896] 
fr 484881
ts 63999.506551
6d 1 [12 1.000][523.160 653.070 995.038 -55.3244 -6.1914 -170.7443][-0.981223 -0.179047 0.071713 0.159902 -0.547256 0.821548 -0.107850 0.817590 0.565611] 
3d 1 [9342 1.000][179.677 2802.906 582.873] 
fr 484882
ts 63999.523212
6d 1 [12 1.000][524.568 652.500 994.800 -55.2662 -5.8601 -170.6350][-0.981516 -0.175502 0.076330 0.161873 -0.548517 0.820321 -0.102100 0.817513 0.566787] 
3d 1 [9342 1.000][179.529 2802.523 582.887] 
fr 484883
ts 63999.539876
6d 1 [12 1.000][526.123 651.924 994.299 -55.2391 -5.4730 -170.5001][-0.981790 -0.171381 0.081958 0.164293 -0.549401 0.819247 -0.095376 0.817794 0.567554] 
3d 1 [9342 1.000][179.249 2802.285 582.941] 
fr 484884
ts 63999.556537
6d 1 [12 1.000][527.714 651.753 993.929 -55.3202 -5.1575 -170.3637][-0.981899 -0.168126 0.087229 0.166716 -0.548587 0.819303 -0.089893 0.819015 0.566686] 
3d 1 [9342 1.000][179.482 2802.648 582.893] 
fr 484885
ts 63999.573190
6d 1 [12 1.000][529.458 651.487 993.391 -55.2013 -4.7873 -170.2033][-0.981980 -0.164638 0.092789 0.169559 -0.550711 0.817292 -0.083458 0.818298 0.568703] 
3d 1 [9342 1.000][179.299 2802.170 582.980] 
fr 484886
ts 63999.589855
6d 1 [12 1.000][531.353 651.659 992.984 -55.1874 -4.5309 -170.0226][-0.981798 -0.162790 0.097835 0.172719 -0.551023 0.816420 -0.078996 0.818458 0.569110] 
3d 1 [9342 1.000][179.490 2802.443 583.100] 
fr 484887
ts 63999.606500
6d 1 [12 1.000][533.061 651.745 992.388 -55.1792 -4.2578 -169.8599][-0.981663 -0.160528 0.102799 0.175570 -0.551362 0.815583 -0.074244 0.818676 0.569436] 
3d 1 [9342 1.000][178.914 2802.559 582.348] 
fr 484888
ts 63999.623167
6d 1 [12 1.000][534.668 651.591 991.502 -55.1384 -3.9269 -169.6201][-0.981325 -0.158260 0.109335 0.179751 -0.552118 0.814159 -0.068483 0.818608 0.570255] 
3d 1 [9342 1.000][179.594 2801.988 583.297] 
fr 484889
ts 63999.639809
6d 1 [12 1.000][536.308 651.635 990.733 -55.1905 -3.6447 -169.3282][-0.980716 -0.157003 0.116384 0.184808 -0.551312 0.813573 -0.063569 0.819393 0.569696] 
3d 1 [9342 1.000][179.245 2802.756 582.793] 
fr 484890
ts 63999.656470
6d 1 [12 1.000][537.945 651.583 990.067 -55.1932 -3.3289 -169.1045][-0.980317 -0.154712 0.122652 0.188700 -0.551509 0.812545 -0.058067 0.819696 0.569848] 
3d 1 [9342 1.000][179.203 2802.384 582.761] 
fr 484891
ts 63999.673153
6d 1 [12 1.000][539.500 651.576 989.565 -55.1830 -3.0801 -168.9332][-0.979986 -0.152890 0.127481 0.191676 -0.551873 0.811601 -0.053733 0.819793 0.570133] 
3d 1 [9342 1.000][179.457 2802.113 583.247] 
fr 484892
ts 63999.689819
6d 1 [12 1.000][541.041 651.383 988.841 -55.1037 -2.7497 -168.6785][-0.979412 -0.150891 0.134104 0.196088 -0.553236 0.809617 -0.047973 0.819245 0.571434] 
3d 1 [9342 1.000][179.274 2803.066 582.558] 
fr 484893
ts 63999.706500
6d 1 [12 1.000][542.354 651.330 987.893 -55.0968 -2.4476 -168.4003][-0.978683 -0.149361 0.140967 0.200890 -0.553463 0.808283 -0.042706 0.819372 0.571669] 
3d 1 [9342 1.000][179.211 2801.933 582.997] 
fr 484894
ts 63999.723162
6d 1 [12 1.000][543.669 651.662 987.239 -55.1532 -2.2918 -168.1807][-0.978016 -0.149156 0.145733 0.204662 -0.552547 0.807963 -0.039989 0.820027 0.570926] 
3d 1 [9342 1.000][179.588 2802.696 583.076] 
fr 484895
ts 63999.739835
6d 1 [12 1.000][544.891 651.693 986.559 -55.1889 -2.0651 -167.9874][-0.977467 -0.147751 0.150759 0.207991 -0.552214 0.807341 -0.036035 0.820505 0.570502] 
3d 1 [9342 1.000][179.002 2802.587 582.589] 
fr 484896
ts 63999.756497
6d 1 [12 1.000][546.028 651.988 985.952 -55.2296 -1.9019 -167.8178][-0.976943 -0.146992 0.154841 0.210905 -0.551695 0.806940 -0.033189 0.820991 0.569976] 
3d 1 [9342 1.000][179.602 2801.784 583.504] 
fr 484897
ts 63999.773159
6d 1 [12 1.000][547.046 652.180 985.179 -55.2809 -1.7114 -167.6377][-0.976378 -0.145916 0.159359 0.213998 -0.551091 0.806538 -0.029865 0.821588 0.569299] 
3d 1 [9342 1.000][179.041 2802.912 582.347] 
fr 484898
ts 63999.789825
6d 1 [12 1.000][547.832 652.057 984.259 -55.3790 -1.4524 -167.4516][-0.975799 -0.143798 0.164737 0.217195 -0.550042 0.806400 -0.025347 0.822664 0.567962] 
3d 1 [9342 1.000][179.390 2801.935 583.109] 
fr 484899
ts 63999.806485
6d 1 [12 1.000][548.533 652.341 983.634 -55.4242 -1.3416 -167.2924][-0.975238 -0.143640 0.168161 0.219915 -0.549355 0.806130 -0.023413 0.823150 0.567341] 
3d 1 [9342 1.000][179.596 2802.208 583.082] 
fr 484900
ts 63999.823147
6d 1 [12 1.000][549.136 652.843 983.137 -55.4796 -1.3119 -167.1436][-0.974675 -0.144485 0.170680 0.222449 -0.548296 0.806156 -0.022894 0.823708 0.566552] 
3d 1 [9342 1.000][179.228 2803.165 582.378] 
fr 484901
ts 63999.839795
6d 1 [12 1.000][549.567 653.067 982.710 -55.5284 -1.2401 -167.0519][-0.974345 -0.144211 0.172785 0.224016 -0.547608 0.806190 -0.021643 0.824214 0.565865] 
3d 1 [9342 1.000][179.699 2801.544 583.538] 
fr 484902
ts 63999.856460
6d 1 [12 1.000][549.921 653.442 982.218 -55.5858 -1.2057 -166.9301][-0.973879 -0.144717 0.174975 0.226089 -0.546605 0.806292 -0.021042 0.824791 0.565046] 
3d 1 [9342 1.000][179.380 2802.867 582.770] 
