fr 1370
ts 65913.397129
6d 0 
3d 6 [11 1.000][425.845 710.035 1196.243] [35 1.000][633.522 701.722 1215.176] [38 1.000][-72.415 731.597 1234.095] [44 1.000][141.199 751.841 1193.927] [90 1.000][573.007 707.229 1272.894] [92 1.000][500.739 707.204 1274.789] 
fr 1371
ts 65913.413796
6d 0 
3d 6 [11 1.000][425.922 709.881 1196.271] [35 1.000][633.603 701.612 1215.065] [38 1.000][-72.375 731.495 1234.066] [44 1.000][141.253 751.630 1193.928] [90 1.000][573.064 707.149 1272.895] [92 1.000][500.849 707.086 1274.869] 
fr 1372
ts 65913.430458
6d 0 
3d 6 [11 1.000][425.973 709.746 1196.271] [35 1.000][633.642 701.505 1214.956] [38 1.000][-72.337 731.449 1233.981] [44 1.000][141.272 751.542 1193.929] [90 1.000][572.726 707.136 1273.138] [92 1.000][501.376 704.854 1275.613] 
fr 1373
ts 65913.447117
6d 0 
3d 6 [11 1.000][426.009 709.621 1196.281] [35 1.000][633.662 701.339 1214.937] [38 1.000][-72.437 731.293 1233.921] [44 1.000][141.264 751.424 1194.000] [90 1.000][572.757 707.042 1273.145] [92 1.000][501.387 704.744 1275.533] 
fr 1374
ts 65913.463780
6d 0 
3d 6 [11 1.000][426.036 709.524 1196.190] [35 1.000][633.644 701.209 1214.916] [38 1.000][-72.545 731.186 1233.911] [44 1.000][141.146 751.249 1194.204] [90 1.000][573.163 706.765 1272.892] [92 1.000][500.850 706.855 1274.688] 
fr 1375
ts 65913.480432
6d 0 
3d 6 [11 1.000][426.028 709.345 1196.216] [35 1.000][633.551 701.017 1214.962] [38 1.000][-72.710 731.138 1233.824] [44 1.000][141.085 751.099 1194.385] [90 1.000][573.116 706.606 1273.003] [92 1.000][500.806 706.594 1274.650] 
fr 1376
ts 65913.497093
6d 0 
3d 6 [11 1.000][426.049 709.152 1196.265] [35 1.000][633.528 700.847 1215.071] [38 1.000][-72.783 730.993 1233.802] [44 1.000][140.950 750.920 1194.519] [90 1.000][573.143 706.446 1273.003] [92 1.000][500.802 706.496 1274.630] 
fr 1377
ts 65913.513739
6d 0 
3d 6 [11 1.000][426.055 708.922 1196.309] [35 1.000][633.466 700.555 1215.258] [38 1.000][-72.856 730.833 1233.841] [44 1.000][140.890 750.881 1194.623] [90 1.000][573.141 706.133 1273.048] [92 1.000][500.714 706.157 1274.667] 
fr 1378
ts 65913.530401
6d 0 
3d 6 [11 1.000][426.081 708.723 1196.419] [35 1.000][633.415 700.297 1215.328] [38 1.000][-72.918 730.675 1233.883] [44 1.000][140.810 750.720 1194.675] [90 1.000][572.669 705.922 1273.462] [92 1.000][496.936 698.910 1278.275] 
fr 1379
ts 65913.547091
6d 0 
3d 6 [11 1.000][426.138 708.561 1196.437] [35 1.000][633.507 699.938 1215.502] [38 1.000][-72.985 730.586 1233.943] [44 1.000][140.743 750.614 1194.684] [90 1.000][572.696 705.608 1273.512] [92 1.000][496.936 698.549 1278.319] 
fr 1380
ts 65913.563753
6d 0 
3d 6 [11 1.000][426.219 708.389 1196.481] [35 1.000][633.548 699.628 1215.670] [38 1.000][-73.017 730.337 1234.008] [44 1.000][140.766 750.456 1194.718] [90 1.000][572.790 705.453 1273.600] [92 1.000][496.981 698.287 1278.361] 
fr 1381
ts 65913.580438
6d 0 
3d 6 [11 1.000][426.445 708.221 1196.527] [35 1.000][633.715 699.189 1215.831] [38 1.000][-73.047 730.232 1234.009] [44 1.000][140.727 750.317 1194.758] [90 1.000][572.841 705.135 1273.703] [92 1.000][497.000 698.079 1278.405] 
fr 1382
ts 65913.597099
6d 0 
3d 6 [11 1.000][426.676 708.166 1196.537] [35 1.000][633.994 698.785 1215.995] [38 1.000][-73.047 730.048 1234.050] [44 1.000][140.637 750.058 1194.817] [90 1.000][573.101 704.777 1273.850] [92 1.000][497.193 697.929 1278.430] 
fr 1383
ts 65913.613776
6d 0 
3d 6 [11 1.000][427.021 708.009 1196.632] [35 1.000][634.402 698.390 1216.075] [38 1.000][-73.139 729.913 1234.050] [44 1.000][140.646 749.953 1194.883] [90 1.000][573.472 704.427 1273.924] [92 1.000][497.502 697.757 1278.519] 
fr 1384
ts 65913.630437
6d 0 
3d 6 [11 1.000][427.400 708.005 1196.742] [35 1.000][634.838 698.094 1216.076] [38 1.000][-73.213 729.621 1233.923] [44 1.000][140.565 749.753 1194.896] [90 1.000][573.824 704.259 1273.949] [92 1.000][497.912 697.641 1278.578] 
fr 1385
ts 65913.647107
6d 0 
3d 6 [11 1.000][427.779 707.875 1196.861] [35 1.000][635.290 697.781 1215.982] [38 1.000][-73.305 729.477 1233.905] [44 1.000][140.454 749.666 1194.974] [90 1.000][574.263 704.064 1273.971] [92 1.000][498.280 697.461 1278.688] 
fr 1386
ts 65913.663768
6d 0 
3d 6 [11 1.000][428.186 707.861 1196.964] [35 1.000][635.680 697.547 1216.015] [38 1.000][-73.424 729.360 1233.764] [44 1.000][140.370 749.546 1194.941] [90 1.000][574.661 703.794 1274.036] [92 1.000][498.683 697.351 1278.755] 
fr 1387
ts 65913.680428
6d 0 
3d 6 [11 1.000][428.497 707.817 1197.106] [35 1.000][635.971 697.335 1216.062] [38 1.000][-73.519 729.254 1233.671] [44 1.000][140.346 749.364 1194.810] [90 1.000][575.004 703.605 1274.133] [92 1.000][498.958 697.251 1278.928] 
fr 1388
ts 65913.697094
6d 0 
3d 6 [11 1.000][428.781 707.845 1197.144] [35 1.000][636.231 697.151 1216.259] [38 1.000][-73.583 729.203 1233.570] [44 1.000][140.243 749.396 1194.796] [90 1.000][575.254 703.428 1274.261] [92 1.000][499.195 697.167 1279.052] 
fr 1389
ts 65913.713749
6d 0 
3d 6 [11 1.000][428.985 707.760 1197.262] [35 1.000][636.393 696.957 1216.345] [38 1.000][-73.687 729.113 1233.484] [44 1.000][140.144 749.319 1194.659] [90 1.000][575.435 703.326 1274.316] [92 1.000][499.321 697.077 1279.157] 
fr 1390
ts 65913.730411
6d 0 
3d 6 [11 1.000][429.132 707.608 1197.447] [35 1.000][636.502 696.799 1216.460] [38 1.000][-73.724 729.147 1233.379] [44 1.000][139.984 749.319 1194.570] [90 1.000][575.454 703.179 1274.448] [92 1.000][499.383 697.006 1279.271] 
fr 1391
ts 65913.747060
6d 0 
3d 6 [11 1.000][429.130 707.551 1197.574] [35 1.000][636.542 696.662 1216.605] [38 1.000][-73.827 729.099 1233.333] [44 1.000][139.874 749.354 1194.436] [90 1.000][575.486 703.056 1274.587] [92 1.000][499.459 696.908 1279.405] 
fr 1392
ts 65913.763722
6d 0 
3d 6 [11 1.000][429.142 707.422 1197.733] [35 1.000][636.487 696.679 1216.767] [38 1.000][-73.864 729.204 1233.204] [44 1.000][139.809 749.376 1194.391] [90 1.000][575.519 702.950 1274.628] [92 1.000][499.421 696.838 1279.556] 
fr 1393
ts 65913.780365
6d 0 
3d 6 [11 1.000][429.000 707.388 1197.827] [35 1.000][636.421 696.673 1216.905] [38 1.000][-73.942 729.228 1233.056] [44 1.000][139.724 749.405 1194.301] [90 1.000][575.317 702.889 1274.760] [92 1.000][499.377 696.803 1279.609] 
fr 1394
ts 65913.797026
6d 0 
3d 6 [11 1.000][428.845 707.306 1197.920] [35 1.000][636.291 696.779 1217.024] [38 1.000][-74.012 729.320 1232.960] [44 1.000][139.672 749.375 1194.314] [90 1.000][575.202 702.907 1274.822] [92 1.000][499.221 696.791 1279.655] 
fr 1395
ts 65913.813714
6d 0 
3d 6 [11 1.000][428.734 707.271 1197.916] [35 1.000][636.094 696.982 1216.990] [38 1.000][-74.080 729.522 1232.869] [44 1.000][139.575 749.408 1194.226] [90 1.000][575.114 703.040 1274.839] [92 1.000][499.150 696.812 1279.702] 
fr 1396
ts 65913.830376
6d 0 
3d 6 [11 1.000][428.514 707.295 1197.971] [35 1.000][635.921 697.281 1216.951] [38 1.000][-74.157 729.719 1232.821] [44 1.000][139.540 749.411 1194.175] [90 1.000][574.983 703.127 1274.782] [92 1.000][499.089 696.766 1279.720] 
fr 1397
ts 65913.847056
6d 0 
3d 6 [11 1.000][428.356 707.197 1197.986] [35 1.000][635.732 697.625 1216.909] [38 1.000][-74.179 729.983 1232.736] [44 1.000][139.433 749.413 1194.062] [90 1.000][574.867 703.199 1274.799] [92 1.000][498.997 696.833 1279.759] 
fr 1398
ts 65913.863717
6d 0 
3d 6 [11 1.000][428.301 707.239 1198.016] [35 1.000][635.639 697.871 1216.679] [38 1.000][-74.280 730.115 1232.653] [44 1.000][139.369 749.570 1193.953] [90 1.000][574.822 703.335 1274.720] [92 1.000][498.998 696.856 1279.699] 
fr 1399
ts 65913.880390
6d 0 
3d 6 [11 1.000][428.124 707.289 1198.035] [35 1.000][635.537 698.119 1216.556] [38 1.000][-74.417 730.153 1232.590] [44 1.000][139.229 749.606 1193.938] [90 1.000][574.833 703.499 1274.600] [92 1.000][498.999 696.897 1279.691] 
fr 1400
ts 65913.897054
6d 0 
3d 6 [11 1.000][428.083 707.315 1197.959] [35 1.000][635.513 698.339 1216.358] [38 1.000][-74.656 730.031 1232.475] [44 1.000][139.015 749.732 1193.928] [90 1.000][574.802 703.579 1274.544] [92 1.000][498.986 696.936 1279.612] 
fr 1401
ts 65913.913718
6d 0 
3d 6 [11 1.000][428.036 707.402 1197.937] [35 1.000][635.460 698.434 1216.256] [38 1.000][-74.906 729.882 1232.467] [44 1.000][138.814 749.808 1194.014] [90 1.000][574.815 703.583 1274.477] [92 1.000][498.999 696.960 1279.494] 
fr 1402
ts 65913.930381
6d 0 
3d 6 [11 1.000][427.933 707.553 1197.863] [35 1.000][635.418 698.553 1216.196] [38 1.000][-75.195 729.742 1232.497] [44 1.000][138.518 749.877 1194.169] [90 1.000][574.763 703.667 1274.371] [92 1.000][498.962 697.006 1279.479] 
fr 1403
ts 65913.947040
6d 0 
3d 6 [11 1.000][427.887 707.551 1197.843] [35 1.000][635.331 698.600 1216.168] [38 1.000][-75.449 729.475 1232.543] [44 1.000][138.207 750.029 1194.324] [90 1.000][574.713 703.755 1274.348] [92 1.000][498.938 697.075 1279.413] 
fr 1404
ts 65913.963703
6d 0 
3d 6 [11 1.000][427.869 707.622 1197.835] [35 1.000][635.286 698.733 1216.110] [38 1.000][-75.605 729.354 1232.660] [44 1.000][137.983 750.081 1194.451] [90 1.000][574.685 703.801 1274.375] [92 1.000][498.975 697.114 1279.453] 
fr 1405
ts 65913.980355
6d 0 
3d 6 [11 1.000][427.817 707.728 1197.890] [35 1.000][635.284 698.800 1216.125] [38 1.000][-75.712 729.092 1232.892] [44 1.000][137.778 750.095 1194.592] [90 1.000][574.644 703.928 1274.389] [92 1.000][498.940 697.129 1279.484] 
fr 1406
ts 65913.997017
6d 0 
3d 6 [11 1.000][427.799 707.730 1197.847] [35 1.000][635.254 698.919 1216.165] [38 1.000][-75.820 728.948 1233.044] [44 1.000][137.670 750.033 1194.726] [90 1.000][574.644 703.920 1274.335] [92 1.000][498.937 697.177 1279.483] 
fr 1407
ts 65914.013659
6d 0 
3d 6 [11 1.000][427.770 707.755 1197.858] [35 1.000][635.232 698.962 1216.153] [38 1.000][-75.867 728.785 1233.300] [44 1.000][137.600 750.059 1194.831] [90 1.000][574.568 704.096 1274.364] [92 1.000][498.906 697.210 1279.540] 
fr 1408
ts 65914.030325
6d 0 
3d 6 [11 1.000][427.775 707.769 1197.905] [35 1.000][635.198 699.021 1216.192] [38 1.000][-75.901 728.571 1233.421] [44 1.000][137.591 750.038 1194.977] [90 1.000][574.516 704.165 1274.365] [92 1.000][498.902 697.255 1279.536] 
fr 1409
ts 65914.047016
6d 0 
3d 6 [11 1.000][427.734 707.800 1197.896] [35 1.000][635.210 699.125 1216.177] [38 1.000][-75.854 728.417 1233.699] [44 1.000][137.609 749.976 1195.095] [90 1.000][574.582 704.291 1274.338] [92 1.000][498.911 697.417 1279.568] 
fr 1410
ts 65914.063678
6d 0 
3d 6 [11 1.000][427.793 707.850 1197.932] [35 1.000][635.263 699.205 1216.150] [38 1.000][-75.813 728.393 1233.833] [44 1.000][137.644 749.939 1195.099] [90 1.000][574.652 704.284 1274.325] [92 1.000][498.899 697.455 1279.526] 
fr 1411
ts 65914.080358
6d 0 
3d 6 [11 1.000][427.800 707.970 1197.869] [35 1.000][635.242 699.265 1216.076] [38 1.000][-75.698 728.545 1234.054] [44 1.000][137.760 749.986 1195.107] [90 1.000][574.657 704.482 1274.264] [92 1.000][498.933 697.546 1279.548] 
fr 1412
ts 65914.097022
6d 0 
3d 6 [11 1.000][427.797 707.984 1197.892] [35 1.000][635.288 699.374 1215.994] [38 1.000][-75.530 728.666 1234.160] [44 1.000][137.848 749.980 1195.081] [90 1.000][574.630 704.585 1274.147] [92 1.000][498.940 697.675 1279.448] 
fr 1413
ts 65914.113698
6d 0 
3d 6 [11 1.000][427.794 708.069 1197.852] [35 1.000][635.297 699.428 1215.858] [38 1.000][-75.424 728.819 1234.240] [44 1.000][137.970 750.040 1194.926] [90 1.000][574.701 704.687 1274.121] [92 1.000][498.919 697.790 1279.451] 
fr 1414
ts 65914.130362
6d 0 
3d 6 [11 1.000][427.754 708.068 1197.817] [35 1.000][635.265 699.553 1215.723] [38 1.000][-75.254 728.888 1234.300] [44 1.000][138.048 750.076 1194.833] [90 1.000][574.688 704.846 1274.017] [92 1.000][498.850 697.870 1279.362] 
fr 1415
ts 65914.147033
6d 0 
3d 6 [11 1.000][427.739 708.124 1197.741] [35 1.000][635.244 699.608 1215.640] [38 1.000][-75.137 729.027 1234.272] [44 1.000][138.191 750.196 1194.646] [90 1.000][574.741 704.928 1273.907] [92 1.000][498.762 697.906 1279.300] 
fr 1416
ts 65914.163693
6d 0 
3d 6 [11 1.000][427.721 708.176 1197.726] [35 1.000][635.198 699.630 1215.585] [38 1.000][-75.045 729.058 1234.294] [44 1.000][138.294 750.252 1194.566] [90 1.000][574.662 704.983 1273.850] [92 1.000][498.700 698.010 1279.193] 
fr 1417
ts 65914.180357
6d 0 
3d 6 [11 1.000][427.720 708.217 1197.676] [35 1.000][635.267 699.652 1215.438] [38 1.000][-75.019 729.130 1234.346] [44 1.000][138.391 750.336 1194.478] [90 1.000][574.674 704.990 1273.799] [92 1.000][498.635 698.042 1279.124] 
fr 1418
ts 65914.197020
6d 0 
3d 6 [11 1.000][427.729 708.266 1197.647] [35 1.000][635.234 699.726 1215.317] [38 1.000][-74.913 729.254 1234.292] [44 1.000][138.396 750.403 1194.426] [90 1.000][574.713 705.108 1273.666] [92 1.000][502.885 702.789 1276.553] 
fr 1419
ts 65914.213676
6d 0 
3d 6 [11 1.000][427.765 708.244 1197.576] [35 1.000][635.260 699.866 1215.156] [38 1.000][-74.881 729.314 1234.209] [44 1.000][138.480 750.487 1194.291] [90 1.000][574.758 705.153 1273.600] [92 1.000][498.569 698.210 1278.966] 
fr 1420
ts 65914.230338
6d 0 
3d 6 [11 1.000][427.835 708.272 1197.516] [35 1.000][635.327 699.828 1215.045] [38 1.000][-74.908 729.337 1234.143] [44 1.000][138.478 750.550 1194.243] [90 1.000][574.788 705.325 1273.473] [92 1.000][498.562 698.341 1278.832] 
fr 1421
ts 65914.246987
6d 0 
3d 6 [11 1.000][427.945 708.309 1197.446] [35 1.000][635.369 699.830 1214.928] [38 1.000][-74.929 729.375 1234.098] [44 1.000][138.404 750.718 1194.230] [90 1.000][574.847 705.371 1273.392] [92 1.000][498.610 698.539 1278.698] 
fr 1422
ts 65914.263648
6d 0 
3d 6 [11 1.000][428.014 708.385 1197.371] [35 1.000][635.482 699.802 1214.756] [38 1.000][-74.970 729.295 1234.109] [44 1.000][138.311 750.815 1194.202] [90 1.000][574.915 705.455 1273.283] [92 1.000][498.645 698.695 1278.498] 
fr 1423
ts 65914.280291
6d 0 
3d 6 [11 1.000][428.150 708.438 1197.299] [35 1.000][635.588 699.781 1214.627] [38 1.000][-75.036 729.326 1234.105] [44 1.000][138.273 750.946 1194.172] [90 1.000][575.020 705.556 1273.235] [92 1.000][502.947 703.502 1275.896] 
fr 1424
ts 65914.296953
6d 0 
3d 6 [11 1.000][428.272 708.381 1197.251] [35 1.000][635.716 699.759 1214.536] [38 1.000][-75.057 729.283 1234.081] [44 1.000][138.104 750.981 1194.246] [90 1.000][575.154 705.676 1273.170] [92 1.000][503.088 703.751 1275.870] 
fr 1425
ts 65914.313641
6d 0 
3d 6 [11 1.000][428.392 708.527 1197.131] [35 1.000][635.815 699.734 1214.421] [38 1.000][-75.069 729.209 1234.183] [44 1.000][138.026 751.059 1194.337] [90 1.000][575.377 705.576 1273.057] [92 1.000][503.197 703.816 1275.707] 
fr 1426
ts 65914.330303
6d 0 
3d 6 [11 1.000][428.520 708.499 1197.109] [35 1.000][635.884 699.661 1214.310] [38 1.000][-75.145 729.252 1234.095] [44 1.000][137.925 750.952 1194.530] [90 1.000][575.460 705.481 1273.041] [92 1.000][503.340 703.842 1275.700] 
fr 1427
ts 65914.346982
6d 0 
3d 6 [11 1.000][428.674 708.477 1197.049] [35 1.000][636.003 699.588 1214.248] [38 1.000][-75.143 729.368 1234.108] [44 1.000][137.836 751.028 1194.621] [90 1.000][575.520 705.509 1272.925] [92 1.000][503.464 703.886 1275.590] 
fr 1428
ts 65914.363644
6d 0 
3d 6 [11 1.000][428.757 708.479 1197.053] [35 1.000][636.129 699.420 1214.217] [38 1.000][-75.164 729.345 1234.092] [44 1.000][137.849 751.065 1194.632] [90 1.000][575.656 705.477 1272.928] [92 1.000][503.575 703.885 1275.506] 
fr 1429
ts 65914.380318
6d 0 
3d 6 [11 1.000][428.892 708.483 1197.046] [35 1.000][636.201 699.399 1214.142] [38 1.000][-75.194 729.410 1234.099] [44 1.000][137.775 751.121 1194.668] [90 1.000][575.718 705.483 1272.818] [92 1.000][503.727 703.838 1275.439] 
fr 1430
ts 65914.396980
6d 0 
3d 6 [11 1.000][428.970 708.478 1197.001] [35 1.000][636.290 699.360 1214.128] [38 1.000][-75.206 729.290 1234.100] [44 1.000][137.788 751.127 1194.666] [90 1.000][575.843 705.494 1272.787] [92 1.000][503.822 703.812 1275.440] 
fr 1431
ts 65914.413646
6d 0 
3d 6 [11 1.000][429.055 708.523 1196.980] [35 1.000][636.367 699.332 1213.998] [38 1.000][-75.207 729.323 1234.102] [44 1.000][137.832 751.221 1194.681] [90 1.000][575.904 705.527 1272.763] [92 1.000][503.927 703.781 1275.423] 
fr 1432
ts 65914.430310
6d 0 
3d 6 [11 1.000][429.102 708.591 1196.971] [35 1.000][636.454 699.376 1213.927] [38 1.000][-75.188 729.334 1234.025] [44 1.000][137.841 751.285 1194.615] [90 1.000][576.013 705.538 1272.653] [92 1.000][504.015 703.741 1275.399] 
fr 1433
ts 65914.446969
6d 0 
3d 6 [11 1.000][429.174 708.527 1196.943] [35 1.000][636.503 699.371 1213.811] [38 1.000][-75.156 729.417 1234.018] [44 1.000][137.820 751.356 1194.625] [90 1.000][576.101 705.571 1272.617] [92 1.000][504.102 703.752 1275.320] 
fr 1434
ts 65914.463629
6d 0 
3d 6 [11 1.000][429.244 708.617 1196.896] [35 1.000][636.606 699.395 1213.777] [38 1.000][-75.147 729.429 1233.953] [44 1.000][137.856 751.454 1194.593] [90 1.000][576.158 705.590 1272.542] [92 1.000][504.194 703.793 1275.311] 
fr 1435
ts 65914.480282
6d 0 
3d 6 [11 1.000][429.321 708.690 1196.833] [35 1.000][636.654 699.398 1213.722] [38 1.000][-75.121 729.412 1233.899] [44 1.000][137.902 751.543 1194.586] [90 1.000][576.228 705.607 1272.501] [92 1.000][504.204 703.822 1275.188] 
fr 1436
ts 65914.496945
6d 0 
3d 6 [11 1.000][429.377 708.706 1196.767] [35 1.000][636.712 699.377 1213.693] [38 1.000][-75.006 729.499 1233.871] [44 1.000][137.984 751.645 1194.526] [90 1.000][576.323 705.626 1272.437] [92 1.000][504.224 703.818 1275.129] 
fr 1437
ts 65914.513590
6d 0 
3d 6 [11 1.000][429.495 708.744 1196.744] [35 1.000][636.765 699.453 1213.620] [38 1.000][-74.910 729.481 1233.926] [44 1.000][138.040 751.657 1194.521] [90 1.000][576.377 705.618 1272.441] [92 1.000][504.278 703.924 1275.121] 
fr 1438
ts 65914.530252
6d 0 
3d 6 [11 1.000][429.563 708.782 1196.728] [35 1.000][636.880 699.359 1213.654] [38 1.000][-74.815 729.558 1233.930] [44 1.000][138.151 751.695 1194.502] [90 1.000][576.427 705.660 1272.461] [92 1.000][504.403 704.019 1275.107] 
fr 1439
ts 65914.546943
6d 0 
3d 6 [11 1.000][429.700 708.877 1196.721] [35 1.000][637.001 699.334 1213.585] [38 1.000][-74.756 729.595 1233.884] [44 1.000][138.214 751.681 1194.566] [90 1.000][576.595 705.718 1272.397] [92 1.000][504.510 704.086 1275.085] 
fr 1440
ts 65914.563607
6d 0 
3d 6 [11 1.000][429.837 708.963 1196.711] [35 1.000][637.145 699.317 1213.577] [38 1.000][-74.716 729.667 1233.890] [44 1.000][138.337 751.731 1194.495] [90 1.000][576.756 705.817 1272.415] [92 1.000][504.588 704.175 1275.077] 
fr 1441
ts 65914.580290
6d 0 
3d 6 [11 1.000][429.940 708.923 1196.704] [35 1.000][637.269 699.356 1213.549] [38 1.000][-74.606 729.656 1233.796] [44 1.000][138.381 751.807 1194.572] [90 1.000][576.920 705.879 1272.365] [92 1.000][504.695 704.232 1275.074] 
fr 1442
ts 65914.596951
6d 0 
3d 6 [11 1.000][430.144 708.952 1196.692] [35 1.000][637.429 699.376 1213.511] [38 1.000][-74.556 729.744 1233.764] [44 1.000][138.471 751.894 1194.459] [90 1.000][573.181 701.423 1275.087] [92 1.000][500.752 699.730 1277.485] 
fr 1443
ts 65914.613629
6d 0 
3d 6 [11 1.000][430.272 708.988 1196.718] [35 1.000][637.573 699.314 1213.431] [38 1.000][-74.525 729.811 1233.716] [44 1.000][138.506 751.948 1194.454] [90 1.000][577.411 705.960 1272.234] [92 1.000][505.040 704.285 1275.054] 
fr 1444
ts 65914.630291
6d 0 
3d 6 [11 1.000][430.468 709.073 1196.660] [35 1.000][637.722 699.256 1213.346] [38 1.000][-74.447 730.005 1233.639] [44 1.000][138.631 752.057 1194.437] [90 1.000][573.527 701.387 1274.981] [92 1.000][501.098 699.579 1277.474] 
fr 1445
ts 65914.646961
6d 0 
3d 6 [11 1.000][430.591 709.020 1196.662] [35 1.000][641.545 703.601 1210.614] [38 1.000][-74.481 730.164 1233.620] [44 1.000][138.648 752.130 1194.335] [90 1.000][577.810 705.897 1272.131] [92 1.000][505.441 704.059 1274.989] 
fr 1446
ts 65914.663624
6d 0 
3d 6 [11 1.000][430.737 708.971 1196.688] [35 1.000][641.673 703.376 1210.527] [38 1.000][-74.439 730.153 1233.569] [44 1.000][138.691 752.222 1194.305] [90 1.000][573.880 701.193 1274.956] [92 1.000][501.522 699.269 1277.506] 
fr 1447
ts 65914.680287
6d 0 
3d 6 [11 1.000][430.939 708.934 1196.696] [35 1.000][641.776 703.302 1210.454] [38 1.000][-74.313 730.240 1233.594] [44 1.000][138.735 752.397 1194.307] [90 1.000][577.984 705.682 1272.073] [92 1.000][501.617 699.203 1277.433] 
fr 1448
ts 65914.696947
6d 0 
3d 6 [11 1.000][430.975 708.970 1196.620] [35 1.000][641.881 703.188 1210.377] [38 1.000][-74.341 730.290 1233.612] [44 1.000][138.738 752.498 1194.278] [90 1.000][578.196 705.691 1272.018] [92 1.000][501.726 699.142 1277.441] 
fr 1449
ts 65914.713601
6d 0 
3d 6 [11 1.000][431.021 708.941 1196.601] [35 1.000][638.326 698.743 1213.016] [38 1.000][-74.347 730.288 1233.661] [44 1.000][138.725 752.485 1194.309] [90 1.000][578.288 705.629 1271.985] [92 1.000][501.882 699.120 1277.374] 
fr 1450
ts 65914.730267
6d 0 
3d 6 [11 1.000][431.066 708.991 1196.586] [35 1.000][638.380 698.726 1213.003] [38 1.000][-74.260 730.311 1233.653] [44 1.000][138.778 752.517 1194.325] [90 1.000][574.258 701.026 1274.817] [92 1.000][501.941 699.100 1277.358] 
fr 1451
ts 65914.746915
6d 0 
3d 6 [11 1.000][431.105 709.045 1196.582] [35 1.000][638.385 698.774 1212.938] [38 1.000][-74.263 730.329 1233.663] [44 1.000][138.792 752.477 1194.338] [90 1.000][578.331 705.691 1271.920] [92 1.000][501.945 699.252 1277.335] 
fr 1452
ts 65914.763577
6d 0 
3d 6 [11 1.000][431.064 709.152 1196.483] [35 1.000][641.980 703.289 1210.250] [38 1.000][-74.246 730.444 1233.662] [44 1.000][138.825 752.524 1194.305] [90 1.000][578.313 705.875 1271.849] [92 1.000][501.946 699.365 1277.256] 
fr 1453
ts 65914.780221
6d 0 
3d 6 [11 1.000][431.015 709.130 1196.414] [35 1.000][638.299 698.992 1212.914] [38 1.000][-74.252 730.542 1233.623] [44 1.000][138.811 752.612 1194.344] [90 1.000][578.254 706.079 1271.815] [92 1.000][501.898 699.516 1277.165] 
fr 1454
ts 65914.796882
6d 0 
3d 6 [11 1.000][430.969 709.229 1196.354] [35 1.000][638.228 699.082 1212.938] [38 1.000][-74.203 730.499 1233.625] [44 1.000][138.841 752.679 1194.250] [90 1.000][574.066 701.388 1274.672] [92 1.000][501.827 699.626 1277.103] 
fr 1455
ts 65914.813570
6d 0 
3d 6 [11 1.000][430.900 709.331 1196.304] [35 1.000][641.772 703.570 1210.228] [38 1.000][-74.229 730.539 1233.546] [44 1.000][138.826 752.704 1194.146] [90 1.000][578.029 706.003 1271.425] [92 1.000][501.653 699.580 1277.137] 
fr 1456
ts 65914.830233
6d 0 
3d 6 [11 1.000][430.797 709.310 1196.261] [35 1.000][638.026 699.277 1212.880] [38 1.000][-74.196 730.629 1233.464] [44 1.000][138.879 752.782 1194.087] [90 1.000][577.970 706.108 1271.763] [92 1.000][501.566 699.767 1277.004] 
fr 1457
ts 65914.846913
6d 0 
3d 6 [11 1.000][430.773 709.280 1196.203] [35 1.000][633.246 689.569 1217.288] [38 1.000][-74.146 730.724 1233.429] [44 1.000][138.884 752.719 1194.087] [90 1.000][577.936 706.158 1271.811] [92 1.000][501.538 699.739 1277.040] 
fr 1458
ts 65914.863575
6d 0 
3d 6 [11 1.000][430.715 709.240 1196.311] [38 1.000][-74.124 730.750 1233.424] [44 1.000][138.993 752.773 1194.055] [90 1.000][577.846 706.049 1271.777] [92 1.000][501.494 699.647 1276.964] [93 1.000][637.965 699.246 1212.828] 
fr 1459
ts 65914.880249
6d 0 
3d 6 [11 1.000][430.654 709.108 1196.270] [38 1.000][-74.002 730.829 1233.347] [44 1.000][139.085 752.744 1193.997] [90 1.000][577.883 706.053 1271.764] [92 1.000][501.448 699.553 1276.958] [93 1.000][637.929 699.289 1212.768] 
fr 1460
ts 65914.896912
6d 0 
3d 6 [11 1.000][430.633 709.105 1196.308] [38 1.000][-73.879 730.837 1233.407] [44 1.000][139.166 752.711 1193.973] [90 1.000][577.855 706.002 1271.757] [92 1.000][501.450 699.463 1277.122] [93 1.000][637.913 699.292 1212.791] 
fr 1461
ts 65914.913577
6d 0 
3d 6 [11 1.000][430.626 709.061 1196.344] [38 1.000][-73.796 730.804 1233.499] [44 1.000][139.226 752.682 1193.943] [90 1.000][577.913 705.967 1271.698] [92 1.000][501.470 699.437 1277.002] [93 1.000][637.957 699.252 1212.765] 
fr 1462
ts 65914.930239
6d 0 
3d 6 [11 1.000][430.687 709.003 1196.313] [38 1.000][-73.668 730.786 1233.527] [44 1.000][139.319 752.648 1193.919] [90 1.000][577.941 705.902 1271.756] [92 1.000][501.519 699.400 1277.028] [93 1.000][637.986 699.219 1212.744] 
fr 1463
ts 65914.946899
6d 0 
3d 6 [11 1.000][430.720 708.929 1196.327] [38 1.000][-73.640 730.763 1233.617] [44 1.000][139.352 752.573 1193.978] [90 1.000][577.963 705.844 1271.714] [92 1.000][501.630 699.400 1276.927] [93 1.000][638.001 699.122 1212.646] 
fr 1464
ts 65914.963561
6d 0 
3d 6 [11 1.000][430.763 708.879 1196.291] [38 1.000][-73.616 730.748 1233.582] [44 1.000][139.425 752.600 1194.010] [90 1.000][573.982 701.193 1274.510] [92 1.000][501.541 699.261 1276.993] [93 1.000][638.074 698.957 1212.666] 
fr 1465
ts 65914.980214
6d 0 
3d 6 [11 1.000][430.822 708.837 1196.279] [38 1.000][-73.579 730.718 1233.654] [44 1.000][139.382 752.492 1194.143] [90 1.000][578.053 705.581 1271.321] [92 1.000][501.690 699.207 1276.898] [93 1.000][638.113 698.902 1212.595] 
fr 1466
ts 65914.996878
6d 0 
3d 6 [11 1.000][430.888 708.761 1196.239] [38 1.000][-73.636 730.643 1233.756] [44 1.000][139.414 752.358 1194.204] [90 1.000][578.262 705.590 1271.639] [92 1.000][501.825 699.258 1276.829] [93 1.000][638.258 698.742 1212.584] 
fr 1467
ts 65915.013522
6d 0 
3d 6 [11 1.000][430.999 708.632 1196.235] [38 1.000][-73.593 730.539 1233.805] [44 1.000][139.367 752.259 1194.317] [90 1.000][578.333 705.406 1271.186] [92 1.000][501.952 699.075 1276.762] [93 1.000][638.333 698.591 1212.411] 
fr 1468
ts 65915.030184
6d 0 
3d 6 [11 1.000][431.066 708.559 1196.261] [38 1.000][-73.627 730.383 1233.892] [44 1.000][139.323 752.015 1194.437] [90 1.000][578.412 705.209 1271.209] [92 1.000][502.012 698.864 1276.925] [93 1.000][638.430 698.392 1212.374] 
fr 1469
ts 65915.046872
6d 0 
3d 6 [11 1.000][431.118 708.395 1196.279] [38 1.000][-73.595 730.276 1234.009] [44 1.000][139.317 751.879 1194.454] [90 1.000][578.460 705.067 1271.173] [92 1.000][502.105 698.767 1276.887] [93 1.000][638.473 698.216 1212.341] 
fr 1470
ts 65915.063537
6d 0 
3d 6 [11 1.000][431.097 708.253 1196.283] [38 1.000][-73.582 730.014 1234.071] [44 1.000][139.328 751.670 1194.523] [90 1.000][578.464 704.680 1271.245] [92 1.000][502.124 698.569 1276.777] [93 1.000][638.472 698.026 1212.342] 
fr 1471
ts 65915.080221
6d 0 
3d 6 [11 1.000][431.132 708.086 1196.269] [38 1.000][-73.569 729.812 1234.107] [44 1.000][139.329 751.540 1194.455] [90 1.000][578.454 704.442 1271.299] [92 1.000][506.175 702.864 1274.459] [93 1.000][638.477 697.766 1212.443] 
fr 1472
ts 65915.096883
6d 0 
3d 6 [11 1.000][431.042 707.966 1196.256] [38 1.000][-73.593 729.688 1234.157] [44 1.000][139.265 751.421 1194.584] [90 1.000][578.324 704.204 1271.352] [92 1.000][506.100 702.697 1274.519] [93 1.000][642.129 702.110 1209.796] 
fr 1473
ts 65915.113559
6d 0 
3d 6 [11 1.000][431.015 707.719 1196.275] [38 1.000][-73.550 729.531 1234.182] [44 1.000][139.268 751.306 1194.537] [90 1.000][578.206 703.988 1271.280] [92 1.000][506.024 702.504 1274.489] [93 1.000][642.032 701.891 1209.767] 
fr 1474
ts 65915.130222
6d 0 
3d 6 [11 1.000][430.974 707.515 1196.317] [38 1.000][-73.562 729.450 1234.237] [44 1.000][139.254 751.204 1194.555] [90 1.000][578.210 703.922 1271.434] [92 1.000][505.967 702.268 1274.520] [93 1.000][638.267 697.247 1212.573] 
fr 1475
ts 65915.146893
6d 0 
3d 6 [11 1.000][430.956 707.355 1196.276] [38 1.000][-73.596 729.261 1234.201] [44 1.000][139.271 751.035 1194.610] [90 1.000][578.070 703.644 1271.370] [92 1.000][505.880 702.091 1274.517] [93 1.000][638.185 697.077 1212.565] 
fr 1476
ts 65915.163555
6d 0 
3d 6 [11 1.000][430.825 707.197 1196.290] [38 1.000][-73.624 729.096 1234.281] [44 1.000][139.235 750.849 1194.653] [90 1.000][577.937 703.489 1271.431] [92 1.000][505.730 701.891 1274.496] [93 1.000][638.139 696.926 1212.624] 
fr 1477
ts 65915.180219
6d 0 
3d 6 [11 1.000][430.763 707.028 1196.314] [38 1.000][-73.615 728.974 1234.288] [44 1.000][139.244 750.680 1194.654] [90 1.000][577.818 703.310 1271.480] [92 1.000][505.745 701.710 1274.491] [93 1.000][638.009 696.664 1212.692] 
fr 1478
ts 65915.196882
6d 0 
3d 6 [11 1.000][430.709 706.803 1196.318] [38 1.000][-73.639 728.858 1234.340] [44 1.000][139.272 750.540 1194.713] [90 1.000][577.826 703.201 1271.507] [92 1.000][505.700 701.548 1274.592] [93 1.000][641.726 701.133 1210.082] 
fr 1479
ts 65915.213534
6d 0 
3d 6 [11 1.000][430.675 706.483 1196.364] [38 1.000][-73.624 728.646 1234.270] [44 1.000][139.280 750.312 1194.743] [90 1.000][577.648 702.912 1271.417] [92 1.000][505.645 701.434 1274.589] [93 1.000][637.952 696.372 1212.799] 
fr 1480
ts 65915.230199
6d 0 
3d 6 [11 1.000][430.569 706.302 1196.373] [38 1.000][-73.507 728.553 1234.302] [44 1.000][139.298 750.176 1194.760] [90 1.000][577.647 702.767 1271.475] [92 1.000][505.575 701.177 1274.645] [93 1.000][637.870 696.207 1212.840] 
fr 1481
ts 65915.246845
6d 0 
3d 6 [11 1.000][430.537 706.069 1196.420] [38 1.000][-73.494 728.315 1234.327] [44 1.000][139.275 749.901 1194.866] [90 1.000][577.643 702.694 1271.671] [92 1.000][505.551 701.030 1274.687] [93 1.000][637.824 696.014 1212.835] 
fr 1482
ts 65915.263510
6d 0 
3d 6 [11 1.000][430.497 705.774 1196.442] [38 1.000][-73.523 728.094 1234.345] [44 1.000][139.341 749.692 1194.875] [90 1.000][577.608 702.484 1271.725] [92 1.000][501.282 696.129 1277.288] [93 1.000][637.819 695.844 1212.900] 
fr 1483
ts 65915.280153
6d 0 
3d 6 [11 1.000][430.445 705.545 1196.470] [38 1.000][-73.551 727.813 1234.336] [44 1.000][139.325 749.471 1194.980] [90 1.000][577.494 702.070 1271.642] [92 1.000][501.279 695.883 1277.282] [93 1.000][637.763 695.615 1213.003] 
fr 1484
ts 65915.296815
6d 0 
3d 6 [11 1.000][430.417 705.226 1196.511] [38 1.000][-73.506 727.594 1234.434] [44 1.000][139.368 749.217 1194.930] [90 1.000][577.436 701.797 1271.764] [92 1.000][501.287 695.601 1277.383] [93 1.000][637.750 695.380 1213.069] 
fr 1485
ts 65915.313504
6d 0 
3d 6 [11 1.000][430.392 704.949 1196.508] [38 1.000][-73.491 727.334 1234.437] [44 1.000][139.383 748.963 1195.021] [90 1.000][577.426 701.512 1271.776] [92 1.000][501.286 695.310 1277.390] [93 1.000][637.700 695.138 1213.154] 
fr 1486
ts 65915.330165
6d 0 
3d 6 [11 1.000][430.432 704.726 1196.614] [38 1.000][-73.444 727.058 1234.494] [44 1.000][139.457 748.579 1195.046] [90 1.000][577.340 701.133 1271.872] [92 1.000][501.249 695.059 1277.420] [93 1.000][637.672 694.894 1213.210] 
fr 1487
ts 65915.346845
6d 0 
3d 6 [11 1.000][430.430 704.408 1196.710] [38 1.000][-73.392 726.773 1234.520] [44 1.000][139.402 748.250 1195.201] [90 1.000][577.329 700.783 1272.027] [92 1.000][501.214 694.732 1277.534] [93 1.000][637.603 694.578 1213.289] 
fr 1488
ts 65915.363508
6d 0 
3d 6 [11 1.000][430.413 704.129 1196.729] [38 1.000][-73.422 726.491 1234.497] [44 1.000][139.482 747.923 1195.247] [90 1.000][577.261 700.479 1272.103] [92 1.000][501.216 694.457 1277.548] [93 1.000][637.607 694.369 1213.440] 
fr 1489
ts 65915.380182
6d 0 
3d 6 [11 1.000][430.427 703.904 1196.836] [38 1.000][-73.370 726.244 1234.523] [44 1.000][139.549 747.661 1195.233] [90 1.000][577.281 700.224 1272.107] [92 1.000][501.197 694.184 1277.604] [93 1.000][637.652 694.075 1213.469] 
fr 1490
ts 65915.396844
6d 0 
3d 6 [11 1.000][430.373 703.695 1196.913] [38 1.000][-73.315 726.000 1234.565] [44 1.000][139.649 747.399 1195.267] [90 1.000][577.269 699.987 1272.254] [92 1.000][501.163 694.013 1277.632] [93 1.000][637.594 693.896 1213.515] 
fr 1491
ts 65915.413511
6d 0 
3d 6 [11 1.000][430.365 703.470 1196.978] [38 1.000][-73.259 725.706 1234.560] [44 1.000][139.663 747.078 1195.255] [90 1.000][577.166 699.735 1272.264] [92 1.000][501.088 693.799 1277.664] [93 1.000][637.575 693.679 1213.583] 
fr 1492
ts 65915.430174
6d 0 
3d 6 [11 1.000][430.310 703.160 1197.032] [38 1.000][-73.160 725.518 1234.611] [44 1.000][139.755 746.836 1195.256] [90 1.000][577.171 699.583 1272.258] [92 1.000][501.036 693.579 1277.678] [93 1.000][637.499 693.486 1213.629] 
fr 1493
ts 65915.446833
6d 0 
3d 6 [11 1.000][430.269 702.967 1197.098] [38 1.000][-73.167 725.223 1234.743] [44 1.000][139.791 746.633 1195.235] [90 1.000][577.087 699.347 1272.310] [92 1.000][501.016 693.407 1277.716] [93 1.000][637.411 693.337 1213.662] 
fr 1494
ts 65915.463491
6d 0 
3d 6 [11 1.000][430.274 702.708 1197.157] [38 1.000][-73.157 724.994 1234.760] [44 1.000][139.847 746.345 1195.300] [90 1.000][577.069 699.315 1272.708] [92 1.000][500.990 693.246 1277.799] [93 1.000][637.442 693.114 1213.709] 
fr 1495
ts 65915.480149
6d 0 
3d 6 [11 1.000][430.283 702.443 1197.276] [38 1.000][-73.144 724.684 1234.830] [44 1.000][139.882 746.071 1195.376] [90 1.000][577.132 699.102 1272.367] [92 1.000][500.990 693.064 1277.762] [93 1.000][637.359 692.932 1213.708] 
fr 1496
ts 65915.496810
6d 0 
3d 6 [11 1.000][430.221 702.198 1197.336] [38 1.000][-73.154 724.393 1234.917] [44 1.000][139.827 745.847 1195.480] [90 1.000][577.050 698.888 1272.395] [92 1.000][500.989 692.866 1277.880] [93 1.000][637.338 692.728 1213.658] 
fr 1497
ts 65915.513453
6d 0 
3d 6 [11 1.000][430.215 701.892 1197.466] [38 1.000][-73.124 724.094 1235.013] [44 1.000][139.918 745.483 1195.542] [90 1.000][577.124 698.790 1272.412] [92 1.000][501.067 692.651 1277.931] [93 1.000][637.315 692.448 1213.687] 
fr 1498
ts 65915.530118
6d 0 
3d 6 [11 1.000][430.154 701.661 1197.537] [38 1.000][-73.115 723.908 1235.067] [44 1.000][139.903 745.232 1195.558] [90 1.000][577.034 698.572 1272.456] [92 1.000][501.015 692.458 1278.006] [93 1.000][637.271 692.216 1213.732] 
fr 1499
ts 65915.546811
6d 0 
3d 6 [11 1.000][430.055 701.390 1197.603] [38 1.000][-73.092 723.703 1235.160] [44 1.000][139.911 744.865 1195.651] [90 1.000][576.924 698.286 1272.514] [92 1.000][500.944 692.187 1278.011] [93 1.000][637.184 691.889 1213.826] 
fr 1500
ts 65915.563472
6d 0 
3d 6 [11 1.000][430.069 701.107 1197.617] [38 1.000][-73.057 723.514 1235.157] [44 1.000][139.927 744.646 1195.678] [90 1.000][576.795 698.119 1272.993] [92 1.000][500.847 691.883 1278.034] [93 1.000][637.051 691.605 1213.970] 
fr 1501
ts 65915.580157
6d 0 
3d 6 [11 1.000][429.998 700.764 1197.711] [38 1.000][-73.040 723.330 1235.207] [44 1.000][140.014 744.462 1195.676] [90 1.000][576.652 697.730 1272.685] [92 1.000][504.843 696.208 1275.740] [93 1.000][636.912 691.283 1214.102] 
fr 1502
ts 65915.596818
6d 0 
3d 6 [11 1.000][429.939 700.478 1197.737] [38 1.000][-72.982 723.131 1235.291] [44 1.000][139.982 744.169 1195.689] [90 1.000][576.473 697.413 1272.820] [92 1.000][504.640 695.722 1275.791] [93 1.000][636.832 691.006 1214.251] 
fr 1503
ts 65915.613497
6d 0 
3d 6 [11 1.000][429.911 700.147 1197.812] [38 1.000][-72.969 722.944 1235.303] [44 1.000][140.007 743.981 1195.704] [90 1.000][576.330 697.213 1273.296] [92 1.000][500.208 690.675 1278.428] [93 1.000][636.768 690.767 1214.253] 
fr 1504
ts 65915.630158
6d 0 
3d 6 [11 1.000][429.859 699.876 1197.901] [38 1.000][-72.919 722.719 1235.303] [44 1.000][140.031 743.818 1195.736] [90 1.000][576.227 697.004 1273.351] [92 1.000][500.123 690.451 1278.482] [93 1.000][636.716 690.558 1214.337] 
fr 1505
ts 65915.646830
6d 0 
3d 6 [11 1.000][429.811 699.630 1197.933] [38 1.000][-72.845 722.558 1235.313] [44 1.000][140.017 743.519 1195.810] [90 1.000][576.193 696.678 1273.071] [92 1.000][500.079 690.238 1278.544] [93 1.000][636.685 690.408 1214.367] 
fr 1506
ts 65915.663490
6d 0 
3d 6 [11 1.000][429.818 699.355 1197.998] [38 1.000][-72.881 722.248 1235.386] [44 1.000][139.983 743.281 1195.892] [90 1.000][576.348 696.249 1273.093] [92 1.000][500.091 689.984 1278.637] [93 1.000][636.704 690.231 1214.395] 
fr 1507
ts 65915.680155
6d 0 
3d 6 [11 1.000][429.768 699.199 1198.021] [38 1.000][-72.919 721.971 1235.441] [44 1.000][139.977 742.990 1195.964] [90 1.000][576.312 696.025 1273.141] [92 1.000][500.102 689.723 1278.711] [93 1.000][636.652 690.022 1214.415] 
fr 1508
ts 65915.696812
6d 0 
3d 6 [11 1.000][429.786 698.974 1198.073] [38 1.000][-72.919 721.746 1235.445] [44 1.000][139.963 742.724 1195.997] [90 1.000][576.313 695.821 1273.195] [92 1.000][500.075 689.527 1278.765] [93 1.000][636.644 689.853 1214.496] 
fr 1509
ts 65915.713470
6d 0 
3d 6 [11 1.000][429.731 698.823 1198.064] [38 1.000][-72.957 721.476 1235.519] [44 1.000][139.923 742.555 1196.047] [90 1.000][576.299 695.586 1273.235] [92 1.000][500.039 689.309 1278.780] [93 1.000][636.649 689.561 1214.584] 
fr 1510
ts 65915.730135
6d 0 
3d 6 [11 1.000][429.717 698.621 1198.119] [38 1.000][-72.942 721.189 1235.576] [44 1.000][139.870 742.245 1196.040] [90 1.000][576.369 695.401 1273.316] [92 1.000][500.090 689.134 1278.880] [93 1.000][636.644 689.344 1214.630] 
