fr 141368
ts 36935.118024
6d 1 [12 1.000][574.672 -353.496 430.844 -2.9634 -7.2866 -36.9682][0.792518 -0.595328 0.132289 0.596515 0.801845 0.034866 -0.126832 0.051280 0.990598] 
3d 0 
fr 141369
ts 36935.134683
6d 1 [12 1.000][574.679 -353.403 430.851 -2.9645 -7.2879 -36.9678][0.792519 -0.595319 0.132319 0.596507 0.801850 0.034863 -0.126855 0.051300 0.990594] 
3d 0 
fr 141370
ts 36935.151344
6d 1 [12 1.000][574.674 -353.465 430.859 -2.9676 -7.2912 -36.9656][0.792536 -0.595279 0.132399 0.596473 0.801876 0.034850 -0.126913 0.051353 0.990584] 
3d 0 
fr 141371
ts 36935.167997
6d 1 [12 1.000][574.674 -353.465 430.859 -2.9676 -7.2912 -36.9656][0.792536 -0.595279 0.132399 0.596473 0.801876 0.034850 -0.126913 0.051353 0.990584] 
3d 0 
fr 141372
ts 36935.184659
6d 1 [12 1.000][574.659 -353.466 430.851 -2.9676 -7.2912 -36.9657][0.792535 -0.595280 0.132398 0.596474 0.801876 0.034850 -0.126913 0.051352 0.990584] 
3d 0 
fr 141373
ts 36935.201305
6d 1 [12 1.000][574.653 -353.484 430.845 -2.9724 -7.2934 -36.9670][0.792517 -0.595286 0.132479 0.596489 0.801866 0.034809 -0.126951 0.051436 0.990574] 
3d 0 
fr 141374
ts 36935.217966
6d 1 [12 1.000][574.653 -353.484 430.845 -2.9724 -7.2934 -36.9670][0.792517 -0.595286 0.132479 0.596489 0.801866 0.034809 -0.126951 0.051436 0.990574] 
3d 0 
fr 141375
ts 36935.234657
6d 1 [12 1.000][574.653 -353.484 430.845 -2.9724 -7.2934 -36.9670][0.792517 -0.595286 0.132479 0.596489 0.801866 0.034809 -0.126951 0.051436 0.990574] 
3d 0 
fr 141376
ts 36935.251319
6d 1 [12 1.000][574.668 -353.484 430.907 -2.9708 -7.2915 -36.9678][0.792513 -0.595302 0.132434 0.596503 0.801856 0.034813 -0.126917 0.051408 0.990580] 
3d 0 
fr 141377
ts 36935.268003
6d 1 [12 1.000][574.678 -353.495 430.882 -2.9642 -7.2821 -36.9728][0.792477 -0.595395 0.132232 0.596585 0.801794 0.034819 -0.126754 0.051295 0.990607] 
3d 0 
fr 141378
ts 36935.284664
6d 1 [12 1.000][574.693 -353.490 430.881 -2.9634 -7.2815 -36.9732][0.792474 -0.595402 0.132216 0.596591 0.801790 0.034825 -0.126744 0.051281 0.990609] 
3d 0 
fr 141379
ts 36935.301338
6d 1 [12 1.000][574.685 -353.487 430.882 -2.9599 -7.2784 -36.9746][0.792465 -0.595432 0.132136 0.596615 0.801771 0.034844 -0.126690 0.051222 0.990619] 
3d 0 
fr 141380
ts 36935.318004
6d 1 [12 1.000][574.685 -353.487 430.882 -2.9599 -7.2784 -36.9746][0.792465 -0.595432 0.132136 0.596615 0.801771 0.034844 -0.126690 0.051222 0.990619] 
3d 0 
fr 141381
ts 36935.334668
6d 1 [12 1.000][574.689 -353.330 430.883 -2.9597 -7.2791 -36.9760][0.792449 -0.595451 0.132143 0.596632 0.801757 0.034858 -0.126703 0.051218 0.990617] 
3d 0 
fr 141382
ts 36935.351332
6d 1 [12 1.000][574.689 -353.425 430.880 -2.9589 -7.2790 -36.9782][0.792426 -0.595485 0.132132 0.596664 0.801733 0.034873 -0.126701 0.051204 0.990618] 
3d 0 
fr 141383
ts 36935.367995
6d 1 [12 1.000][574.683 -353.399 430.886 -2.9628 -7.2798 -36.9793][0.792414 -0.595490 0.132183 0.596678 0.801725 0.034829 -0.126715 0.051271 0.990613] 
3d 0 
fr 141384
ts 36935.384658
6d 1 [12 1.000][574.680 -353.556 430.884 -2.9620 -7.2761 -36.9785][0.792428 -0.595484 0.132124 0.596672 0.801731 0.034800 -0.126650 0.051258 0.990622] 
3d 0 
fr 141385
ts 36935.401315
6d 1 [12 1.000][574.680 -353.430 430.849 -2.9645 -7.2818 -36.9793][0.792410 -0.595485 0.132228 0.596675 0.801727 0.034827 -0.126749 0.051300 0.990607] 
3d 0 
fr 141386
ts 36935.417978
6d 1 [12 1.000][574.674 -353.534 430.869 -2.9625 -7.2813 -36.9744][0.792461 -0.595422 0.132204 0.596608 0.801776 0.034838 -0.126742 0.051266 0.990610] 
3d 0 
fr 141387
ts 36935.434625
6d 1 [12 1.000][574.669 -353.527 430.853 -2.9726 -7.2901 -36.9559][0.792639 -0.595133 0.132441 0.596340 0.801980 0.034746 -0.126893 0.051438 0.990582] 
3d 0 
fr 141388
ts 36935.451287
6d 1 [12 1.000][574.664 -353.535 430.852 -2.9648 -7.2922 -36.9432][0.792767 -0.594972 0.132397 0.596162 0.802107 0.034848 -0.126930 0.051304 0.990584] 
3d 0 
fr 141389
ts 36935.467930
6d 1 [12 1.000][574.666 -353.512 430.825 -2.9686 -7.3025 -36.9590][0.792585 -0.595176 0.132570 0.596366 0.801952 0.034938 -0.127109 0.051369 0.990558] 
3d 0 
fr 141390
ts 36935.484591
6d 1 [12 1.000][574.661 -353.477 430.843 -2.9679 -7.2965 -36.9624][0.792560 -0.595230 0.132477 0.596421 0.801913 0.034892 -0.127004 0.051358 0.990572] 
3d 0 
fr 141391
ts 36935.501280
6d 1 [12 1.000][574.670 -353.409 430.837 -2.9679 -7.2984 -36.9623][0.792558 -0.595227 0.132503 0.596417 0.801915 0.034912 -0.127037 0.051357 0.990568] 
3d 0 
fr 141392
ts 36935.517941
6d 1 [12 1.000][574.661 -353.488 430.834 -2.9657 -7.3057 -36.9582][0.792587 -0.595170 0.132584 0.596351 0.801960 0.035009 -0.127163 0.051319 0.990553] 
3d 0 
fr 141393
ts 36935.534619
6d 1 [12 1.000][574.661 -353.488 430.834 -2.9657 -7.3057 -36.9582][0.792587 -0.595170 0.132584 0.596351 0.801960 0.035009 -0.127163 0.051319 0.990553] 
3d 0 
fr 141394
ts 36935.551283
6d 1 [12 1.000][574.661 -353.488 430.834 -2.9657 -7.3057 -36.9582][0.792587 -0.595170 0.132584 0.596351 0.801960 0.035009 -0.127163 0.051319 0.990553] 
3d 0 
fr 141395
ts 36935.567953
6d 1 [12 1.000][574.661 -353.488 430.834 -2.9657 -7.3057 -36.9582][0.792587 -0.595170 0.132584 0.596351 0.801960 0.035009 -0.127163 0.051319 0.990553] 
3d 0 
fr 141396
ts 36935.584618
6d 1 [12 1.000][574.661 -353.488 430.834 -2.9657 -7.3057 -36.9582][0.792587 -0.595170 0.132584 0.596351 0.801960 0.035009 -0.127163 0.051319 0.990553] 
3d 0 
fr 141397
ts 36935.601286
6d 1 [12 1.000][574.661 -353.488 430.834 -2.9657 -7.3057 -36.9582][0.792587 -0.595170 0.132584 0.596351 0.801960 0.035009 -0.127163 0.051319 0.990553] 
3d 0 
fr 141398
ts 36935.617946
6d 1 [12 1.000][574.702 -353.474 430.871 -2.9646 -7.3059 -36.9597][0.792571 -0.595194 0.132574 0.596372 0.801943 0.035031 -0.127167 0.051299 0.990554] 
3d 0 
fr 141399
ts 36935.634603
6d 1 [12 1.000][574.680 -353.446 430.844 -2.9646 -7.3074 -36.9621][0.792544 -0.595225 0.132593 0.596402 0.801920 0.035052 -0.127193 0.051298 0.990551] 
3d 0 
fr 141400
ts 36935.651268
6d 1 [12 1.000][574.674 -353.476 430.851 -2.9628 -7.3004 -36.9636][0.792541 -0.595255 0.132477 0.596432 0.801900 0.035007 -0.127071 0.051269 0.990568] 
3d 0 
fr 141401
ts 36935.667920
6d 1 [12 1.000][574.695 -353.477 430.860 -2.9595 -7.3105 -36.9753][0.792400 -0.595420 0.132575 0.596582 0.801780 0.035185 -0.127246 0.051211 0.990548] 
3d 0 
fr 141402
ts 36935.684582
6d 1 [12 1.000][574.688 -353.558 430.853 -2.9594 -7.3098 -36.9754][0.792401 -0.595422 0.132565 0.596584 0.801779 0.035180 -0.127235 0.051209 0.990550] 
3d 0 
fr 141403
ts 36935.701224
6d 1 [12 1.000][574.692 -353.527 430.870 -2.9596 -7.3093 -36.9749][0.792407 -0.595415 0.132559 0.596578 0.801784 0.035171 -0.127225 0.051212 0.990551] 
3d 0 
fr 141404
ts 36935.717889
6d 1 [12 1.000][574.690 -353.521 430.874 -2.9579 -7.3053 -36.9754][0.792409 -0.595429 0.132486 0.596590 0.801776 0.035155 -0.127157 0.051183 0.990561] 
3d 0 
fr 141405
ts 36935.734578
6d 1 [12 1.000][574.682 -353.505 430.864 -2.9598 -7.3008 -36.9764][0.792406 -0.595442 0.132444 0.596610 0.801764 0.035084 -0.127079 0.051217 0.990569] 
3d 0 
fr 141406
ts 36935.751243
6d 1 [12 1.000][574.682 -353.505 430.864 -2.9598 -7.3008 -36.9764][0.792406 -0.595442 0.132444 0.596610 0.801764 0.035084 -0.127079 0.051217 0.990569] 
3d 0 
fr 141407
ts 36935.767927
6d 1 [12 1.000][574.682 -353.505 430.864 -2.9598 -7.3008 -36.9764][0.792406 -0.595442 0.132444 0.596610 0.801764 0.035084 -0.127079 0.051217 0.990569] 
3d 0 
fr 141408
ts 36935.784589
6d 1 [12 1.000][574.669 -353.518 430.828 -2.9596 -7.3001 -36.9755][0.792417 -0.595430 0.132431 0.596598 0.801773 0.035077 -0.127066 0.051213 0.990571] 
3d 0 
fr 141409
ts 36935.801266
6d 1 [12 1.000][574.668 -353.507 430.836 -2.9595 -7.3014 -36.9744][0.792427 -0.595413 0.132449 0.596581 0.801786 0.035089 -0.127088 0.051211 0.990569] 
3d 0 
fr 141410
ts 36935.817928
6d 1 [12 1.000][574.656 -353.480 430.837 -2.9579 -7.2973 -36.9687][0.792493 -0.595340 0.132380 0.596507 0.801842 0.035056 -0.127018 0.051184 0.990579] 
3d 0 
fr 141411
ts 36935.834598
6d 1 [12 1.000][574.656 -353.480 430.837 -2.9579 -7.2973 -36.9687][0.792493 -0.595340 0.132380 0.596507 0.801842 0.035056 -0.127018 0.051184 0.990579] 
3d 0 
fr 141412
ts 36935.851261
6d 1 [12 1.000][574.656 -353.480 430.837 -2.9579 -7.2973 -36.9687][0.792493 -0.595340 0.132380 0.596507 0.801842 0.035056 -0.127018 0.051184 0.990579] 
3d 0 
fr 141413
ts 36935.867920
6d 1 [12 1.000][574.670 -353.454 430.848 -2.9598 -7.2967 -36.9684][0.792498 -0.595332 0.132392 0.596504 0.801846 0.035022 -0.127007 0.051217 0.990579] 
3d 0 
fr 141414
ts 36935.884585
6d 1 [12 1.000][574.675 -353.493 430.859 -2.9662 -7.2948 -36.9658][0.792528 -0.595282 0.132434 0.596471 0.801876 0.034906 -0.126974 0.051329 0.990577] 
3d 0 
fr 141415
ts 36935.901240
6d 1 [12 1.000][574.675 -353.493 430.859 -2.9662 -7.2948 -36.9658][0.792528 -0.595282 0.132434 0.596471 0.801876 0.034906 -0.126974 0.051329 0.990577] 
3d 0 
fr 141416
ts 36935.917903
6d 1 [12 1.000][574.675 -353.493 430.859 -2.9662 -7.2948 -36.9658][0.792528 -0.595282 0.132434 0.596471 0.801876 0.034906 -0.126974 0.051329 0.990577] 
3d 0 
fr 141417
ts 36935.934549
6d 1 [12 1.000][574.675 -353.493 430.859 -2.9662 -7.2948 -36.9658][0.792528 -0.595282 0.132434 0.596471 0.801876 0.034906 -0.126974 0.051329 0.990577] 
3d 0 
fr 141418
ts 36935.951213
6d 1 [12 1.000][574.675 -353.493 430.859 -2.9662 -7.2948 -36.9658][0.792528 -0.595282 0.132434 0.596471 0.801876 0.034906 -0.126974 0.051329 0.990577] 
3d 0 
fr 141419
ts 36935.967853
6d 1 [12 1.000][574.675 -353.493 430.859 -2.9662 -7.2948 -36.9658][0.792528 -0.595282 0.132434 0.596471 0.801876 0.034906 -0.126974 0.051329 0.990577] 
3d 0 
fr 141420
ts 36935.984518
6d 1 [12 1.000][574.675 -353.493 430.859 -2.9662 -7.2948 -36.9658][0.792528 -0.595282 0.132434 0.596471 0.801876 0.034906 -0.126974 0.051329 0.990577] 
3d 0 
fr 141421
ts 36936.001205
6d 1 [12 1.000][574.702 -353.375 430.873 -2.9672 -7.2939 -36.9671][0.792515 -0.595299 0.132431 0.596490 0.801862 0.034886 -0.126959 0.051346 0.990578] 
3d 0 
fr 141422
ts 36936.017867
6d 1 [12 1.000][574.692 -353.423 430.914 -2.9700 -7.2851 -36.9763][0.792435 -0.595428 0.132333 0.596629 0.801763 0.034778 -0.126807 0.051394 0.990595] 
3d 0 
fr 141423
ts 36936.034548
6d 1 [12 1.000][574.708 -353.443 430.881 -2.9692 -7.2855 -36.9775][0.792422 -0.595446 0.132329 0.596645 0.801751 0.034795 -0.126814 0.051381 0.990595] 
3d 0 
fr 141424
ts 36936.051210
6d 1 [12 1.000][574.694 -353.568 430.812 -2.9684 -7.2854 -36.9779][0.792419 -0.595453 0.132319 0.596650 0.801746 0.034806 -0.126812 0.051367 0.990596] 
3d 0 
fr 141425
ts 36936.067885
6d 1 [12 1.000][574.703 -353.458 430.799 -2.9660 -7.2884 -36.9851][0.792338 -0.595557 0.132331 0.596746 0.801672 0.034888 -0.126864 0.051325 0.990591] 
3d 0 
fr 141426
ts 36936.084546
6d 1 [12 1.000][574.689 -353.496 430.856 -2.9651 -7.2890 -36.9850][0.792337 -0.595559 0.132329 0.596745 0.801671 0.034907 -0.126873 0.051309 0.990591] 
3d 0 
fr 141427
ts 36936.101208
6d 1 [12 1.000][574.688 -353.449 430.845 -2.9657 -7.2890 -36.9842][0.792346 -0.595546 0.132337 0.596733 0.801680 0.034897 -0.126875 0.051319 0.990590] 
3d 0 
fr 141428
ts 36936.117869
6d 1 [12 1.000][574.677 -353.463 430.869 -2.9613 -7.2908 -36.9823][0.792363 -0.595528 0.132317 0.596705 0.801698 0.034972 -0.126905 0.051243 0.990590] 
3d 0 
fr 141429
ts 36936.134535
6d 1 [12 1.000][574.677 -353.463 430.869 -2.9613 -7.2908 -36.9823][0.792363 -0.595528 0.132317 0.596705 0.801698 0.034972 -0.126905 0.051243 0.990590] 
3d 0 
fr 141430
ts 36936.151195
6d 1 [12 1.000][574.637 -353.469 430.870 -2.9612 -7.2911 -36.9800][0.792386 -0.595496 0.132321 0.596673 0.801722 0.034971 -0.126910 0.051242 0.990590] 
3d 0 
fr 141431
ts 36936.167849
6d 1 [12 1.000][574.661 -353.472 430.856 -2.9630 -7.2922 -36.9681][0.792508 -0.595324 0.132363 0.596506 0.801848 0.034930 -0.126930 0.051273 0.990586] 
3d 0 
fr 141432
ts 36936.184511
6d 1 [12 1.000][574.658 -353.497 430.835 -2.9632 -7.2929 -36.9668][0.792520 -0.595306 0.132375 0.596488 0.801862 0.034931 -0.126941 0.051276 0.990584] 
3d 0 
fr 141433
ts 36936.201157
6d 1 [12 1.000][574.667 -353.484 430.858 -2.9646 -7.2977 -36.9586][0.792598 -0.595183 0.132461 0.596367 0.801951 0.034943 -0.127025 0.051299 0.990572] 
3d 0 
fr 141434
ts 36936.217818
6d 1 [12 1.000][574.667 -353.484 430.858 -2.9646 -7.2977 -36.9586][0.792598 -0.595183 0.132461 0.596367 0.801951 0.034943 -0.127025 0.051299 0.990572] 
3d 0 
fr 141435
ts 36936.234509
6d 1 [12 1.000][574.699 -353.480 430.866 -2.9646 -7.2973 -36.9589][0.792595 -0.595188 0.132456 0.596372 0.801947 0.034939 -0.127018 0.051300 0.990573] 
3d 0 
fr 141436
ts 36936.251171
6d 1 [12 1.000][574.673 -353.487 430.864 -2.9614 -7.2959 -36.9574][0.792613 -0.595175 0.132404 0.596353 0.801960 0.034966 -0.126994 0.051245 0.990579] 
3d 0 
fr 141437
ts 36936.267851
6d 1 [12 1.000][574.666 -353.569 430.853 -2.9606 -7.2970 -36.9574][0.792611 -0.595177 0.132410 0.596352 0.801960 0.034989 -0.127012 0.051231 0.990577] 
3d 0 
fr 141438
ts 36936.284517
6d 1 [12 1.000][574.655 -353.636 430.851 -2.9580 -7.2966 -36.9570][0.792616 -0.595177 0.132379 0.596347 0.801963 0.035020 -0.127006 0.051187 0.990580] 
3d 0 
fr 141439
ts 36936.301191
6d 1 [12 1.000][574.668 -353.524 430.861 -2.9541 -7.2983 -36.9587][0.792595 -0.595209 0.132361 0.596368 0.801943 0.035096 -0.127036 0.051119 0.990580] 
3d 0 
fr 141440
ts 36936.317856
6d 1 [12 1.000][574.668 -353.524 430.861 -2.9541 -7.2983 -36.9587][0.792595 -0.595209 0.132361 0.596368 0.801943 0.035096 -0.127036 0.051119 0.990580] 
3d 0 
fr 141441
ts 36936.334524
6d 1 [12 1.000][574.668 -353.524 430.861 -2.9541 -7.2983 -36.9587][0.792595 -0.595209 0.132361 0.596368 0.801943 0.035096 -0.127036 0.051119 0.990580] 
3d 0 
fr 141442
ts 36936.351187
6d 1 [12 1.000][574.677 -353.614 430.871 -2.9540 -7.2975 -36.9586][0.792598 -0.595208 0.132349 0.596368 0.801944 0.035089 -0.127021 0.051117 0.990582] 
3d 0 
fr 141443
ts 36936.367850
6d 1 [12 1.000][574.679 -353.544 430.862 -2.9564 -7.2932 -36.9579][0.792612 -0.595196 0.132315 0.596364 0.801950 0.035009 -0.126947 0.051160 0.990589] 
3d 0 
fr 141444
ts 36936.384513
6d 1 [12 1.000][574.679 -353.544 430.862 -2.9564 -7.2932 -36.9579][0.792612 -0.595196 0.132315 0.596364 0.801950 0.035009 -0.126947 0.051160 0.990589] 
3d 0 
fr 141445
ts 36936.401168
6d 1 [12 1.000][574.689 -353.396 430.876 -2.9576 -7.2928 -36.9588][0.792604 -0.595206 0.132320 0.596377 0.801941 0.034989 -0.126939 0.051180 0.990589] 
3d 0 
fr 141446
ts 36936.417831
6d 1 [12 1.000][574.692 -353.518 430.880 -2.9597 -7.2883 -36.9627][0.792571 -0.595260 0.132278 0.596437 0.801899 0.034923 -0.126862 0.051216 0.990597] 
3d 0 
fr 141447
ts 36936.434477
6d 1 [12 1.000][574.697 -353.438 430.867 -2.9602 -7.2886 -36.9643][0.792554 -0.595281 0.132287 0.596459 0.801883 0.034923 -0.126867 0.051226 0.990596] 
3d 0 
fr 141448
ts 36936.451143
6d 1 [12 1.000][574.692 -353.465 430.871 -2.9602 -7.2870 -36.9667][0.792532 -0.595314 0.132263 0.596493 0.801859 0.034911 -0.126839 0.051226 0.990600] 
3d 0 
fr 141449
ts 36936.467786
6d 1 [12 1.000][574.708 -353.434 430.878 -2.9630 -7.2868 -36.9697][0.792501 -0.595350 0.132288 0.596535 0.801829 0.034877 -0.126836 0.051274 0.990598] 
3d 0 
fr 141450
ts 36936.484448
6d 1 [12 1.000][574.698 -353.463 430.881 -2.9650 -7.2833 -36.9805][0.792394 -0.595500 0.132253 0.596690 0.801715 0.034839 -0.126776 0.051308 0.990604] 
3d 0 
fr 141451
ts 36936.501132
6d 1 [12 1.000][574.680 -353.446 430.867 -2.9660 -7.2839 -36.9807][0.792392 -0.595499 0.132272 0.596691 0.801715 0.034831 -0.126786 0.051326 0.990601] 
3d 0 
fr 141452
ts 36936.517797
6d 1 [12 1.000][574.686 -353.530 430.846 -2.9705 -7.2829 -36.9834][0.792366 -0.595527 0.132303 0.596730 0.801689 0.034763 -0.126768 0.051404 0.990600] 
3d 0 
fr 141453
ts 36936.534479
6d 1 [12 1.000][574.692 -353.559 430.849 -2.9709 -7.2842 -36.9829][0.792369 -0.595518 0.132325 0.596721 0.801695 0.034770 -0.126791 0.051410 0.990596] 
3d 0 
fr 141454
ts 36936.551142
6d 1 [12 1.000][574.685 -353.541 430.825 -2.9690 -7.2848 -36.9825][0.792371 -0.595518 0.132314 0.596716 0.801698 0.034803 -0.126801 0.051377 0.990597] 
3d 0 
fr 141455
ts 36936.567815
6d 1 [12 1.000][574.693 -353.469 430.846 -2.9708 -7.2913 -36.9810][0.792376 -0.595487 0.132423 0.596685 0.801719 0.034842 -0.126914 0.051407 0.990581] 
3d 0 
fr 141456
ts 36936.584476
6d 1 [12 1.000][574.692 -353.522 430.852 -2.9697 -7.2907 -36.9807][0.792380 -0.595486 0.132404 0.596683 0.801720 0.034850 -0.126904 0.051389 0.990583] 
3d 0 
fr 141457
ts 36936.601143
6d 1 [12 1.000][574.695 -353.476 430.858 -2.9657 -7.2915 -36.9798][0.792388 -0.595482 0.132374 0.596668 0.801728 0.034912 -0.126917 0.051319 0.990585] 
3d 0 
fr 141458
ts 36936.617807
6d 1 [12 1.000][574.695 -353.476 430.858 -2.9657 -7.2915 -36.9798][0.792388 -0.595482 0.132374 0.596668 0.801728 0.034912 -0.126917 0.051319 0.990585] 
3d 0 
fr 141459
ts 36936.634465
6d 1 [12 1.000][574.695 -353.476 430.858 -2.9657 -7.2915 -36.9798][0.792388 -0.595482 0.132374 0.596668 0.801728 0.034912 -0.126917 0.051319 0.990585] 
3d 0 
fr 141460
ts 36936.651126
6d 1 [12 1.000][574.676 -353.618 430.852 -2.9639 -7.2912 -36.9782][0.792404 -0.595465 0.132352 0.596648 0.801743 0.034930 -0.126912 0.051289 0.990587] 
3d 0 
fr 141461
ts 36936.667780
6d 1 [12 1.000][574.669 -353.574 430.834 -2.9647 -7.2932 -36.9757][0.792427 -0.595426 0.132390 0.596610 0.801770 0.034935 -0.126948 0.051302 0.990582] 
3d 0 
fr 141462
ts 36936.684442
6d 1 [12 1.000][574.670 -353.566 430.832 -2.9643 -7.2917 -36.9745][0.792443 -0.595411 0.132366 0.596595 0.801782 0.034920 -0.126920 0.051296 0.990586] 
3d 0 
fr 141463
ts 36936.701087
6d 1 [12 1.000][574.671 -353.541 430.827 -2.9597 -7.2936 -36.9635][0.792553 -0.595267 0.132351 0.596441 0.801894 0.034981 -0.126955 0.051216 0.990585] 
3d 0 
fr 141464
ts 36936.717750
6d 1 [12 1.000][574.671 -353.541 430.827 -2.9597 -7.2936 -36.9635][0.792553 -0.595267 0.132351 0.596441 0.801894 0.034981 -0.126955 0.051216 0.990585] 
3d 0 
fr 141465
ts 36936.734438
6d 1 [12 1.000][574.680 -353.423 430.833 -2.9634 -7.2932 -36.9637][0.792553 -0.595260 0.132384 0.596443 0.801895 0.034924 -0.126946 0.051280 0.990583] 
3d 0 
fr 141466
ts 36936.751104
6d 1 [12 1.000][574.680 -353.494 430.882 -2.9606 -7.2918 -36.9652][0.792539 -0.595289 0.132334 0.596466 0.801877 0.034954 -0.126923 0.051231 0.990589] 
3d 0 
fr 141467
ts 36936.767788
6d 1 [12 1.000][574.685 -353.411 430.851 -2.9632 -7.2945 -36.9676][0.792509 -0.595316 0.132398 0.596497 0.801854 0.034950 -0.126970 0.051277 0.990580] 
3d 0 
fr 141468
ts 36936.784450
6d 1 [12 1.000][574.684 -353.433 430.884 -2.9613 -7.2916 -36.9710][0.792479 -0.595370 0.132335 0.596548 0.801816 0.034955 -0.126919 0.051243 0.990589] 
3d 0 
fr 141469
ts 36936.801127
6d 1 [12 1.000][574.686 -353.386 430.862 -2.9642 -7.2943 -36.9763][0.792420 -0.595434 0.132400 0.596616 0.801765 0.034953 -0.126966 0.051294 0.990580] 
3d 0 
fr 141470
ts 36936.817789
6d 1 [12 1.000][574.685 -353.420 430.870 -2.9590 -7.2908 -36.9802][0.792385 -0.595504 0.132295 0.596675 0.801719 0.035000 -0.126906 0.051203 0.990592] 
3d 0 
fr 141471
ts 36936.834455
6d 1 [12 1.000][574.688 -353.394 430.869 -2.9642 -7.2920 -36.9871][0.792310 -0.595588 0.132362 0.596770 0.801651 0.034956 -0.126927 0.051294 0.990585] 
3d 0 
fr 141472
ts 36936.851121
6d 1 [12 1.000][574.680 -353.428 430.792 -2.9595 -7.2928 -36.9874][0.792306 -0.595602 0.132323 0.596773 0.801645 0.035029 -0.126940 0.051213 0.990587] 
3d 0 
fr 141473
ts 36936.867781
6d 1 [12 1.000][574.689 -353.412 430.870 -2.9629 -7.2932 -36.9931][0.792246 -0.595674 0.132360 0.596851 0.801588 0.035000 -0.126947 0.051270 0.990584] 
3d 0 
fr 141474
ts 36936.884447
6d 1 [12 1.000][574.676 -353.556 430.873 -2.9615 -7.2930 -36.9925][0.792253 -0.595668 0.132344 0.596843 0.801594 0.035016 -0.126944 0.051247 0.990585] 
3d 0 
fr 141475
ts 36936.901102
6d 1 [12 1.000][574.680 -353.451 430.859 -2.9583 -7.2950 -36.9921][0.792253 -0.595669 0.132338 0.596835 0.801597 0.035081 -0.126979 0.051191 0.990584] 
3d 0 
fr 141476
ts 36936.917764
6d 1 [12 1.000][574.684 -353.460 430.833 -2.9576 -7.2957 -36.9916][0.792258 -0.595662 0.132341 0.596826 0.801603 0.035096 -0.126991 0.051179 0.990583] 
3d 0 
fr 141477
ts 36936.934414
6d 1 [12 1.000][574.693 -353.425 430.851 -2.9571 -7.2987 -36.9890][0.792279 -0.595625 0.132378 0.596786 0.801631 0.035128 -0.127042 0.051170 0.990577] 
3d 0 
fr 141478
ts 36936.951077
6d 1 [12 1.000][574.693 -353.484 430.860 -2.9572 -7.2981 -36.9884][0.792286 -0.595618 0.132371 0.596780 0.801636 0.035120 -0.127031 0.051171 0.990578] 
3d 0 
fr 141479
ts 36936.967715
6d 1 [12 1.000][574.690 -353.473 430.850 -2.9598 -7.3003 -36.9848][0.792319 -0.595560 0.132431 0.596727 0.801676 0.035097 -0.127069 0.051217 0.990571] 
3d 0 
fr 141480
ts 36936.984380
6d 1 [12 1.000][574.697 -353.506 430.855 -2.9590 -7.2998 -36.9842][0.792327 -0.595553 0.132416 0.596719 0.801682 0.035102 -0.127061 0.051203 0.990572] 
3d 0 
fr 141481
ts 36937.001070
6d 1 [12 1.000][574.706 -353.452 430.860 -2.9607 -7.2981 -36.9820][0.792353 -0.595519 0.132411 0.596690 0.801706 0.035055 -0.127031 0.051232 0.990575] 
3d 0 
fr 141482
ts 36937.017731
6d 1 [12 1.000][574.693 -353.467 430.855 -2.9599 -7.2974 -36.9824][0.792350 -0.595527 0.132395 0.596697 0.801701 0.035060 -0.127020 0.051220 0.990577] 
3d 0 
fr 141483
ts 36937.034412
6d 1 [12 1.000][574.679 -353.473 430.846 -2.9587 -7.2982 -36.9811][0.792362 -0.595512 0.132393 0.596678 0.801713 0.035082 -0.127033 0.051199 0.990576] 
3d 0 
fr 141484
ts 36937.051076
6d 1 [12 1.000][574.679 -353.473 430.846 -2.9587 -7.2982 -36.9811][0.792362 -0.595512 0.132393 0.596678 0.801713 0.035082 -0.127033 0.051199 0.990576] 
3d 0 
fr 141485
ts 36937.067749
6d 1 [12 1.000][574.679 -353.473 430.846 -2.9587 -7.2982 -36.9811][0.792362 -0.595512 0.132393 0.596678 0.801713 0.035082 -0.127033 0.051199 0.990576] 
3d 0 
fr 141486
ts 36937.084410
6d 1 [12 1.000][574.679 -353.473 430.846 -2.9587 -7.2982 -36.9811][0.792362 -0.595512 0.132393 0.596678 0.801713 0.035082 -0.127033 0.051199 0.990576] 
3d 0 
fr 141487
ts 36937.101073
6d 1 [12 1.000][574.679 -353.473 430.846 -2.9587 -7.2982 -36.9811][0.792362 -0.595512 0.132393 0.596678 0.801713 0.035082 -0.127033 0.051199 0.990576] 
3d 0 
fr 141488
ts 36937.117739
6d 1 [12 1.000][574.679 -353.473 430.846 -2.9587 -7.2982 -36.9811][0.792362 -0.595512 0.132393 0.596678 0.801713 0.035082 -0.127033 0.051199 0.990576] 
3d 0 
fr 141489
ts 36937.134400
6d 1 [12 1.000][574.679 -353.473 430.846 -2.9587 -7.2982 -36.9811][0.792362 -0.595512 0.132393 0.596678 0.801713 0.035082 -0.127033 0.051199 0.990576] 
3d 0 
fr 141490
ts 36937.151063
6d 1 [12 1.000][574.679 -353.473 430.846 -2.9587 -7.2982 -36.9811][0.792362 -0.595512 0.132393 0.596678 0.801713 0.035082 -0.127033 0.051199 0.990576] 
3d 0 
fr 141491
ts 36937.167715
6d 1 [12 1.000][574.673 -353.471 430.823 -2.9616 -7.2978 -36.9806][0.792368 -0.595498 0.132418 0.596671 0.801721 0.035036 -0.127026 0.051248 0.990575] 
3d 0 
fr 141492
ts 36937.184376
6d 1 [12 1.000][574.675 -353.564 430.829 -2.9619 -7.2965 -36.9788][0.792389 -0.595473 0.132405 0.596649 0.801738 0.035014 -0.127004 0.051254 0.990577] 
3d 0 
fr 141493
ts 36937.201019
6d 1 [12 1.000][574.679 -353.495 430.826 -2.9816 -7.2890 -36.9756][0.792436 -0.595388 0.132507 0.596614 0.801780 0.034654 -0.126874 0.051594 0.990576] 
3d 0 
fr 141494
ts 36937.217684
6d 1 [12 1.000][574.675 -353.519 430.839 -2.9800 -7.2891 -36.9742][0.792450 -0.595373 0.132493 0.596595 0.801793 0.034675 -0.126876 0.051567 0.990577] 
3d 0 
fr 141495
ts 36937.234372
6d 1 [12 1.000][574.683 -353.488 430.861 -2.9760 -7.2928 -36.9676][0.792513 -0.595286 0.132506 0.596498 0.801862 0.034753 -0.126939 0.051498 0.990573] 
3d 0 
fr 141496
ts 36937.251038
6d 1 [12 1.000][574.673 -353.496 430.885 -2.9749 -7.2920 -36.9666][0.792524 -0.595276 0.132485 0.596486 0.801870 0.034759 -0.126927 0.051479 0.990575] 
3d 0 
fr 141497
ts 36937.267722
6d 1 [12 1.000][574.669 -353.508 430.844 -2.9705 -7.2938 -36.9603][0.792586 -0.595197 0.132467 0.596397 0.801934 0.034824 -0.126957 0.051402 0.990575] 
3d 0 
fr 141498
ts 36937.284386
6d 1 [12 1.000][574.627 -353.610 430.741 -2.9706 -7.2947 -36.9586][0.792603 -0.595172 0.132482 0.596372 0.801953 0.034827 -0.126972 0.051405 0.990573] 
3d 0 
fr 141499
ts 36937.301058
6d 1 [12 1.000][574.657 -353.528 430.825 -2.9718 -7.2985 -36.9528][0.792656 -0.595085 0.132550 0.596286 0.802016 0.034837 -0.127039 0.051424 0.990564] 
3d 0 
fr 141500
ts 36937.317724
6d 1 [12 1.000][574.657 -353.528 430.825 -2.9718 -7.2985 -36.9528][0.792656 -0.595085 0.132550 0.596286 0.802016 0.034837 -0.127039 0.051424 0.990564] 
3d 0 
fr 141501
ts 36937.334395
6d 1 [12 1.000][574.654 -353.416 430.827 -2.9720 -7.2995 -36.9529][0.792654 -0.595085 0.132566 0.596286 0.802015 0.034844 -0.127055 0.051428 0.990562] 
3d 0 
fr 141502
ts 36937.351055
6d 1 [12 1.000][574.677 -353.413 430.829 -2.9699 -7.3000 -36.9548][0.792633 -0.595116 0.132551 0.596312 0.801995 0.034883 -0.127065 0.051392 0.990562] 
3d 0 
fr 141503
ts 36937.367717
6d 1 [12 1.000][574.680 -353.405 430.825 -2.9741 -7.3004 -36.9613][0.792564 -0.595198 0.132595 0.596402 0.801930 0.034844 -0.127071 0.051464 0.990558] 
3d 0 
fr 141504
ts 36937.384384
6d 1 [12 1.000][574.655 -353.456 430.823 -2.9709 -7.2995 -36.9575][0.792606 -0.595152 0.132553 0.596350 0.801967 0.034871 -0.127056 0.051409 0.990562] 
3d 0 
fr 141505
ts 36937.401039
6d 1 [12 1.000][574.667 -353.426 430.831 -2.9739 -7.3000 -36.9624][0.792554 -0.595214 0.132588 0.596417 0.801918 0.034845 -0.127065 0.051461 0.990559] 
3d 0 
fr 141506
ts 36937.417704
6d 1 [12 1.000][574.670 -353.433 430.840 -2.9665 -7.2966 -36.9685][0.792496 -0.595318 0.132460 0.596506 0.801848 0.034928 -0.127006 0.051333 0.990573] 
3d 0 
fr 141507
ts 36937.434351
6d 1 [12 1.000][574.668 -353.438 430.837 -2.9711 -7.3011 -36.9719][0.792453 -0.595352 0.132567 0.596547 0.801818 0.034918 -0.127083 0.051411 0.990559] 
3d 0 
fr 141508
ts 36937.451012
6d 1 [12 1.000][574.668 -353.438 430.837 -2.9711 -7.3011 -36.9719][0.792453 -0.595352 0.132567 0.596547 0.801818 0.034918 -0.127083 0.051411 0.990559] 
3d 0 
fr 141509
ts 36937.467656
6d 1 [12 1.000][574.668 -353.438 430.837 -2.9711 -7.3011 -36.9719][0.792453 -0.595352 0.132567 0.596547 0.801818 0.034918 -0.127083 0.051411 0.990559] 
3d 0 
fr 141510
ts 36937.484318
6d 1 [12 1.000][574.668 -353.438 430.837 -2.9711 -7.3011 -36.9719][0.792453 -0.595352 0.132567 0.596547 0.801818 0.034918 -0.127083 0.051411 0.990559] 
3d 0 
fr 141511
ts 36937.501006
6d 1 [12 1.000][574.668 -353.438 430.837 -2.9711 -7.3011 -36.9719][0.792453 -0.595352 0.132567 0.596547 0.801818 0.034918 -0.127083 0.051411 0.990559] 
3d 0 
fr 141512
ts 36937.517668
6d 1 [12 1.000][574.668 -353.438 430.837 -2.9711 -7.3011 -36.9719][0.792453 -0.595352 0.132567 0.596547 0.801818 0.034918 -0.127083 0.051411 0.990559] 
3d 0 
fr 141513
ts 36937.534349
6d 1 [12 1.000][574.683 -353.413 430.896 -2.9705 -7.3010 -36.9733][0.792439 -0.595373 0.132559 0.596566 0.801804 0.034929 -0.127082 0.051401 0.990559] 
3d 0 
fr 141514
ts 36937.551010
6d 1 [12 1.000][574.671 -353.541 430.863 -2.9690 -7.3001 -36.9737][0.792435 -0.595384 0.132532 0.596574 0.801797 0.034941 -0.127067 0.051376 0.990563] 
3d 0 
fr 141515
ts 36937.567682
6d 1 [12 1.000][574.675 -353.536 430.821 -2.9709 -7.3003 -36.9726][0.792447 -0.595363 0.132555 0.596558 0.801810 0.034914 -0.127070 0.051409 0.990561] 
3d 0 
fr 141516
ts 36937.584348
6d 1 [12 1.000][574.676 -353.504 430.859 -2.9677 -7.2961 -36.9731][0.792449 -0.595381 0.132463 0.596570 0.801801 0.034917 -0.126998 0.051354 0.990573] 
3d 0 
fr 141517
ts 36937.601011
6d 1 [12 1.000][574.684 -353.491 430.857 -2.9686 -7.2969 -36.9722][0.792457 -0.595365 0.132483 0.596557 0.801811 0.034910 -0.127010 0.051369 0.990570] 
3d 0 
fr 141518
ts 36937.617677
6d 1 [12 1.000][574.676 -353.501 430.825 -2.9666 -7.2946 -36.9709][0.792475 -0.595353 0.132432 0.596541 0.801823 0.034911 -0.126972 0.051335 0.990577] 
3d 0 
fr 141519
ts 36937.634337
6d 1 [12 1.000][574.681 -353.475 430.839 -2.9664 -7.2946 -36.9726][0.792457 -0.595377 0.132429 0.596565 0.801805 0.034918 -0.126972 0.051332 0.990577] 
3d 0 
fr 141520
ts 36937.650999
6d 1 [12 1.000][574.681 -353.475 430.839 -2.9664 -7.2946 -36.9726][0.792457 -0.595377 0.132429 0.596565 0.801805 0.034918 -0.126972 0.051332 0.990577] 
3d 0 
fr 141521
ts 36937.667653
6d 1 [12 1.000][574.681 -353.475 430.839 -2.9664 -7.2946 -36.9726][0.792457 -0.595377 0.132429 0.596565 0.801805 0.034918 -0.126972 0.051332 0.990577] 
3d 0 
fr 141522
ts 36937.684314
6d 1 [12 1.000][574.681 -353.475 430.839 -2.9664 -7.2946 -36.9726][0.792457 -0.595377 0.132429 0.596565 0.801805 0.034918 -0.126972 0.051332 0.990577] 
3d 0 
fr 141523
ts 36937.700961
6d 1 [12 1.000][574.681 -353.475 430.839 -2.9664 -7.2946 -36.9726][0.792457 -0.595377 0.132429 0.596565 0.801805 0.034918 -0.126972 0.051332 0.990577] 
3d 0 
fr 141524
ts 36937.717624
6d 1 [12 1.000][574.681 -353.475 430.839 -2.9664 -7.2946 -36.9726][0.792457 -0.595377 0.132429 0.596565 0.801805 0.034918 -0.126972 0.051332 0.990577] 
3d 0 
fr 141525
ts 36937.734314
6d 1 [12 1.000][574.671 -353.462 430.824 -2.9662 -7.2963 -36.9721][0.792460 -0.595369 0.132450 0.596556 0.801811 0.034936 -0.127000 0.051328 0.990574] 
3d 0 
fr 141526
ts 36937.750976
6d 1 [12 1.000][574.660 -353.489 430.827 -2.9552 -7.3079 -36.9668][0.792494 -0.595313 0.132500 0.596467 0.801865 0.035199 -0.127202 0.051136 0.990558] 
3d 0 
fr 141527
ts 36937.767657
6d 1 [12 1.000][574.655 -353.461 430.814 -2.9564 -7.3087 -36.9663][0.792498 -0.595302 0.132523 0.596459 0.801871 0.035189 -0.127215 0.051157 0.990555] 
3d 0 
fr 141528
ts 36937.784322
6d 1 [12 1.000][574.663 -353.466 430.827 -2.9568 -7.3075 -36.9666][0.792497 -0.595307 0.132510 0.596465 0.801868 0.035173 -0.127194 0.051163 0.990557] 
3d 0 
fr 141529
ts 36937.801001
6d 1 [12 1.000][574.719 -353.473 430.845 -2.9655 -7.3088 -36.9653][0.792508 -0.595267 0.132619 0.596445 0.801888 0.035062 -0.127217 0.051313 0.990547] 
3d 0 
fr 141530
ts 36937.817664
6d 1 [12 1.000][574.719 -353.473 430.845 -2.9655 -7.3088 -36.9653][0.792508 -0.595267 0.132619 0.596445 0.801888 0.035062 -0.127217 0.051313 0.990547] 
3d 0 
fr 141531
ts 36937.834334
6d 1 [12 1.000][574.719 -353.473 430.845 -2.9655 -7.3088 -36.9653][0.792508 -0.595267 0.132619 0.596445 0.801888 0.035062 -0.127217 0.051313 0.990547] 
3d 0 
fr 141532
ts 36937.850995
6d 1 [12 1.000][574.676 -353.597 430.862 -2.9654 -7.3080 -36.9650][0.792513 -0.595264 0.132609 0.596442 0.801890 0.035053 -0.127204 0.051313 0.990548] 
3d 0 
fr 141533
ts 36937.867656
6d 1 [12 1.000][574.685 -353.474 430.847 -2.9722 -7.3051 -36.9675][0.792492 -0.595285 0.132636 0.596481 0.801867 0.034934 -0.127152 0.051430 0.990549] 
3d 0 
fr 141534
ts 36937.884321
6d 1 [12 1.000][574.685 -353.474 430.847 -2.9722 -7.3051 -36.9675][0.792492 -0.595285 0.132636 0.596481 0.801867 0.034934 -0.127152 0.051430 0.990549] 
3d 0 
fr 141535
ts 36937.900979
6d 1 [12 1.000][574.671 -353.567 430.838 -2.9741 -7.3038 -36.9664][0.792505 -0.595266 0.132640 0.596467 0.801879 0.034892 -0.127131 0.051464 0.990550] 
3d 0 
fr 141536
ts 36937.917640
6d 1 [12 1.000][574.666 -353.535 430.839 -2.9738 -7.3020 -36.9664][0.792509 -0.595268 0.132611 0.596469 0.801878 0.034876 -0.127099 0.051459 0.990554] 
3d 0 
fr 141537
ts 36937.934287
6d 1 [12 1.000][574.672 -353.499 430.842 -2.9842 -7.2924 -36.9643][0.792547 -0.595222 0.132588 0.596454 0.801900 0.034626 -0.126933 0.051640 0.990566] 
3d 0 
fr 141538
ts 36937.950952
6d 1 [12 1.000][574.672 -353.499 430.842 -2.9842 -7.2924 -36.9643][0.792547 -0.595222 0.132588 0.596454 0.801900 0.034626 -0.126933 0.051640 0.990566] 
3d 0 
fr 141539
ts 36937.967596
6d 1 [12 1.000][574.672 -353.499 430.842 -2.9842 -7.2924 -36.9643][0.792547 -0.595222 0.132588 0.596454 0.801900 0.034626 -0.126933 0.051640 0.990566] 
3d 0 
fr 141540
ts 36937.984257
6d 1 [12 1.000][574.672 -353.499 430.842 -2.9842 -7.2924 -36.9643][0.792547 -0.595222 0.132588 0.596454 0.801900 0.034626 -0.126933 0.051640 0.990566] 
3d 0 
fr 141541
ts 36938.000942
6d 1 [12 1.000][574.670 -353.422 430.834 -2.9841 -7.2929 -36.9649][0.792540 -0.595231 0.132593 0.596462 0.801894 0.034635 -0.126941 0.051637 0.990565] 
3d 0 
fr 141542
ts 36938.017607
6d 1 [12 1.000][574.671 -353.450 430.832 -2.9780 -7.2933 -36.9706][0.792480 -0.595324 0.132532 0.596540 0.801831 0.034737 -0.126948 0.051532 0.990570] 
3d 0 
fr 141543
ts 36938.034290
6d 1 [12 1.000][574.678 -353.418 430.827 -2.9787 -7.2934 -36.9713][0.792473 -0.595332 0.132540 0.596549 0.801825 0.034731 -0.126950 0.051543 0.990569] 
3d 0 
fr 141544
ts 36938.050951
6d 1 [12 1.000][574.674 -353.438 430.826 -2.9780 -7.2921 -36.9732][0.792455 -0.595361 0.132514 0.596577 0.801804 0.034731 -0.126928 0.051532 0.990572] 
3d 0 
fr 141545
ts 36938.067625
6d 1 [12 1.000][574.674 -353.509 430.838 -2.9813 -7.2921 -36.9768][0.792418 -0.595404 0.132547 0.596627 0.801769 0.034693 -0.126928 0.051589 0.990569] 
3d 0 
fr 141546
ts 36938.084288
6d 1 [12 1.000][574.674 -353.509 430.838 -2.9813 -7.2921 -36.9768][0.792418 -0.595404 0.132547 0.596627 0.801769 0.034693 -0.126928 0.051589 0.990569] 
3d 0 
fr 141547
ts 36938.100955
6d 1 [12 1.000][574.674 -353.509 430.838 -2.9813 -7.2921 -36.9768][0.792418 -0.595404 0.132547 0.596627 0.801769 0.034693 -0.126928 0.051589 0.990569] 
3d 0 
fr 141548
ts 36938.117617
6d 1 [12 1.000][574.661 -353.516 430.844 -2.9797 -7.2928 -36.9765][0.792420 -0.595402 0.132539 0.596621 0.801771 0.034722 -0.126940 0.051562 0.990569] 
3d 0 
fr 141549
ts 36938.134278
6d 1 [12 1.000][574.664 -353.470 430.837 -2.9753 -7.2980 -36.9769][0.792407 -0.595414 0.132566 0.596620 0.801768 0.034838 -0.127030 0.051485 0.990562] 
3d 0 
fr 141550
ts 36938.150941
6d 1 [12 1.000][574.659 -353.532 430.845 -2.9733 -7.2988 -36.9761][0.792413 -0.595407 0.132557 0.596608 0.801775 0.034873 -0.127044 0.051451 0.990562] 
3d 0 
fr 141551
ts 36938.167594
6d 1 [12 1.000][574.672 -353.481 430.844 -2.9679 -7.3049 -36.9727][0.792438 -0.595368 0.132587 0.596553 0.801810 0.035004 -0.127150 0.051357 0.990553] 
3d 0 
fr 141552
ts 36938.184255
6d 1 [12 1.000][574.667 -353.506 430.833 -2.9674 -7.3048 -36.9725][0.792440 -0.595366 0.132580 0.596550 0.801812 0.035010 -0.127148 0.051347 0.990554] 
3d 0 
fr 141553
ts 36938.200901
6d 1 [12 1.000][574.658 -353.492 430.838 -2.9657 -7.3054 -36.9705][0.792460 -0.595342 0.132572 0.596522 0.801832 0.035035 -0.127158 0.051318 0.990554] 
3d 0 
fr 141554
ts 36938.217564
6d 1 [12 1.000][574.658 -353.492 430.838 -2.9657 -7.3054 -36.9705][0.792460 -0.595342 0.132572 0.596522 0.801832 0.035035 -0.127158 0.051318 0.990554] 
3d 0 
fr 141555
ts 36938.234256
6d 1 [12 1.000][574.658 -353.492 430.838 -2.9657 -7.3054 -36.9705][0.792460 -0.595342 0.132572 0.596522 0.801832 0.035035 -0.127158 0.051318 0.990554] 
3d 0 
fr 141556
ts 36938.250917
6d 1 [12 1.000][574.658 -353.492 430.838 -2.9657 -7.3054 -36.9705][0.792460 -0.595342 0.132572 0.596522 0.801832 0.035035 -0.127158 0.051318 0.990554] 
3d 0 
fr 141557
ts 36938.267600
6d 1 [12 1.000][574.658 -353.492 430.838 -2.9657 -7.3054 -36.9705][0.792460 -0.595342 0.132572 0.596522 0.801832 0.035035 -0.127158 0.051318 0.990554] 
3d 0 
fr 141558
ts 36938.284265
6d 1 [12 1.000][574.669 -353.526 430.855 -2.9612 -7.3051 -36.9705][0.792461 -0.595352 0.132521 0.596522 0.801829 0.035095 -0.127153 0.051240 0.990559] 
3d 0 
fr 141559
ts 36938.300942
6d 1 [12 1.000][574.665 -353.524 430.853 -2.9488 -7.3022 -36.9703][0.792468 -0.595381 0.132352 0.596523 0.801822 0.035238 -0.127102 0.051026 0.990576] 
3d 0 
fr 141560
ts 36938.317604
6d 1 [12 1.000][574.665 -353.524 430.853 -2.9488 -7.3022 -36.9703][0.792468 -0.595381 0.132352 0.596523 0.801822 0.035238 -0.127102 0.051026 0.990576] 
3d 0 
fr 141561
ts 36938.334276
6d 1 [12 1.000][574.665 -353.524 430.853 -2.9488 -7.3022 -36.9703][0.792468 -0.595381 0.132352 0.596523 0.801822 0.035238 -0.127102 0.051026 0.990576] 
3d 0 
fr 141562
ts 36938.350936
6d 1 [12 1.000][574.665 -353.524 430.853 -2.9488 -7.3022 -36.9703][0.792468 -0.595381 0.132352 0.596523 0.801822 0.035238 -0.127102 0.051026 0.990576] 
3d 0 
fr 141563
ts 36938.367599
6d 1 [12 1.000][574.680 -353.415 430.842 -2.9511 -7.3020 -36.9707][0.792464 -0.595381 0.132373 0.596529 0.801819 0.035204 -0.127099 0.051066 0.990575] 
3d 0 
fr 141564
ts 36938.384264
6d 1 [12 1.000][574.663 -353.462 430.835 -2.9509 -7.3013 -36.9698][0.792474 -0.595370 0.132362 0.596518 0.801827 0.035197 -0.127087 0.051063 0.990576] 
3d 0 
fr 141565
ts 36938.400921
6d 1 [12 1.000][574.666 -353.466 430.834 -2.9637 -7.3009 -36.9688][0.792486 -0.595326 0.132490 0.596504 0.801846 0.035012 -0.127080 0.051284 0.990566] 
3d 0 
fr 141566
ts 36938.417583
6d 1 [12 1.000][574.656 -353.499 430.838 -2.9617 -7.2952 -36.9683][0.792501 -0.595328 0.132390 0.596505 0.801847 0.034979 -0.126981 0.051250 0.990580] 
3d 0 
fr 141567
ts 36938.434233
6d 1 [12 1.000][574.656 -353.499 430.838 -2.9617 -7.2952 -36.9683][0.792501 -0.595328 0.132390 0.596505 0.801847 0.034979 -0.126981 0.051250 0.990580] 
3d 0 
fr 141568
ts 36938.450895
6d 1 [12 1.000][574.656 -353.499 430.838 -2.9617 -7.2952 -36.9683][0.792501 -0.595328 0.132390 0.596505 0.801847 0.034979 -0.126981 0.051250 0.990580] 
3d 0 
fr 141569
ts 36938.467539
6d 1 [12 1.000][574.656 -353.499 430.838 -2.9617 -7.2952 -36.9683][0.792501 -0.595328 0.132390 0.596505 0.801847 0.034979 -0.126981 0.051250 0.990580] 
3d 0 
fr 141570
ts 36938.484200
6d 1 [12 1.000][574.656 -353.499 430.838 -2.9617 -7.2952 -36.9683][0.792501 -0.595328 0.132390 0.596505 0.801847 0.034979 -0.126981 0.051250 0.990580] 
3d 0 
fr 141571
ts 36938.500889
6d 1 [12 1.000][574.760 -353.470 430.844 -2.9635 -7.2948 -36.9694][0.792490 -0.595339 0.132403 0.596521 0.801836 0.034952 -0.126974 0.051282 0.990580] 
3d 0 
fr 141572
ts 36938.517550
6d 1 [12 1.000][574.684 -353.497 430.841 -2.9702 -7.2919 -36.9711][0.792478 -0.595349 0.132433 0.596548 0.801821 0.034833 -0.126925 0.051398 0.990580] 
3d 0 
fr 141573
ts 36938.534232
6d 1 [12 1.000][574.684 -353.497 430.841 -2.9702 -7.2919 -36.9711][0.792478 -0.595349 0.132433 0.596548 0.801821 0.034833 -0.126925 0.051398 0.990580] 
3d 0 
fr 141574
ts 36938.550894
6d 1 [12 1.000][574.684 -353.497 430.841 -2.9702 -7.2919 -36.9711][0.792478 -0.595349 0.132433 0.596548 0.801821 0.034833 -0.126925 0.051398 0.990580] 
3d 0 
fr 141575
ts 36938.567569
6d 1 [12 1.000][574.684 -353.497 430.841 -2.9702 -7.2919 -36.9711][0.792478 -0.595349 0.132433 0.596548 0.801821 0.034833 -0.126925 0.051398 0.990580] 
3d 0 
fr 141576
ts 36938.584231
6d 1 [12 1.000][574.640 -353.501 430.831 -2.9690 -7.2931 -36.9718][0.792468 -0.595361 0.132437 0.596556 0.801814 0.034864 -0.126946 0.051377 0.990578] 
3d 0 
fr 141577
ts 36938.600894
6d 1 [12 1.000][574.655 -353.490 430.830 -2.9622 -7.3002 -36.9764][0.792408 -0.595436 0.132460 0.596610 0.801766 0.035043 -0.127068 0.051259 0.990569] 
3d 0 
fr 141578
ts 36938.617560
6d 1 [12 1.000][574.661 -353.513 430.836 -2.9629 -7.2929 -36.9756][0.792428 -0.595429 0.132368 0.596610 0.801770 0.034956 -0.126942 0.051271 0.990584] 
3d 0 
fr 141579
ts 36938.634221
6d 1 [12 1.000][574.667 -353.507 430.866 -2.9657 -7.2942 -36.9726][0.792458 -0.595379 0.132416 0.596565 0.801804 0.034923 -0.126964 0.051319 0.990579] 
3d 0 
fr 141580
ts 36938.650883
6d 1 [12 1.000][574.730 -353.511 430.889 -2.9648 -7.2909 -36.9725][0.792464 -0.595383 0.132361 0.596569 0.801802 0.034902 -0.126907 0.051304 0.990587] 
3d 0 
fr 141581
ts 36938.667538
6d 1 [12 1.000][574.678 -353.559 430.858 -2.9645 -7.2911 -36.9714][0.792476 -0.595368 0.132362 0.596554 0.801814 0.034905 -0.126911 0.051299 0.990587] 
3d 0 
fr 141582
ts 36938.684193
6d 1 [12 1.000][574.675 -353.573 430.892 -2.9613 -7.2868 -36.9698][0.792500 -0.595356 0.132269 0.596537 0.801826 0.034901 -0.126836 0.051244 0.990599] 
3d 0 
fr 141583
ts 36938.700843
6d 1 [12 1.000][574.675 -353.535 430.880 -2.9576 -7.2767 -36.9669][0.792548 -0.595331 0.132093 0.596510 0.801849 0.034841 -0.126661 0.051181 0.990625] 
3d 0 
fr 141584
ts 36938.717507
6d 1 [12 1.000][574.675 -353.535 430.880 -2.9576 -7.2767 -36.9669][0.792548 -0.595331 0.132093 0.596510 0.801849 0.034841 -0.126661 0.051181 0.990625] 
3d 0 
fr 141585
ts 36938.734200
6d 1 [12 1.000][574.672 -353.409 430.884 -2.9574 -7.2775 -36.9666][0.792550 -0.595326 0.132102 0.596505 0.801853 0.034851 -0.126674 0.051178 0.990623] 
3d 0 
fr 141586
ts 36938.750862
6d 1 [12 1.000][574.673 -353.501 430.893 -2.9562 -7.2778 -36.9652][0.792564 -0.595310 0.132094 0.596486 0.801866 0.034869 -0.126680 0.051157 0.990624] 
3d 0 
fr 141587
ts 36938.767546
6d 1 [12 1.000][574.667 -353.534 430.879 -2.9602 -7.2797 -36.9636][0.792577 -0.595277 0.132163 0.596461 0.801886 0.034829 -0.126713 0.051226 0.990616] 
3d 0 
fr 141588
ts 36938.784210
6d 1 [12 1.000][574.667 -353.513 430.879 -2.9565 -7.2816 -36.9601][0.792610 -0.595235 0.132154 0.596410 0.801921 0.034892 -0.126746 0.051163 0.990615] 
3d 0 
fr 141589
ts 36938.800883
6d 1 [12 1.000][574.672 -353.466 430.860 -2.9577 -7.2829 -36.9606][0.792603 -0.595238 0.132183 0.596415 0.801918 0.034890 -0.126768 0.051182 0.990611] 
3d 0 
fr 141590
ts 36938.817548
6d 1 [12 1.000][574.667 -353.453 430.840 -2.9586 -7.2841 -36.9619][0.792587 -0.595253 0.132209 0.596431 0.801905 0.034893 -0.126789 0.051198 0.990607] 
3d 0 
fr 141591
ts 36938.834221
6d 1 [12 1.000][574.669 -353.423 430.835 -2.9618 -7.2885 -36.9624][0.792574 -0.595250 0.132302 0.596432 0.801904 0.034895 -0.126865 0.051252 0.990595] 
3d 0 
fr 141592
ts 36938.850882
6d 1 [12 1.000][574.668 -353.460 430.866 -2.9605 -7.2872 -36.9635][0.792565 -0.595269 0.132271 0.596449 0.801892 0.034902 -0.126843 0.051231 0.990599] 
3d 0 
fr 141593
ts 36938.867543
6d 1 [12 1.000][574.675 -353.436 430.851 -2.9685 -7.2915 -36.9656][0.792536 -0.595276 0.132412 0.596472 0.801877 0.034840 -0.126917 0.051368 0.990582] 
3d 0 
fr 141594
ts 36938.884208
6d 1 [12 1.000][574.669 -353.442 430.823 -2.9735 -7.2984 -36.9703][0.792475 -0.595326 0.132557 0.596528 0.801835 0.034852 -0.127037 0.051454 0.990562] 
3d 0 
fr 141595
ts 36938.900866
6d 1 [12 1.000][574.669 -353.442 430.823 -2.9735 -7.2984 -36.9703][0.792475 -0.595326 0.132557 0.596528 0.801835 0.034852 -0.127037 0.051454 0.990562] 
3d 0 
fr 141596
ts 36938.917529
6d 1 [12 1.000][574.673 -353.532 430.846 -2.9740 -7.2977 -36.9702][0.792476 -0.595325 0.132552 0.596528 0.801835 0.034839 -0.127025 0.051462 0.990564] 
3d 0 
fr 141597
ts 36938.934178
6d 1 [12 1.000][574.676 -353.472 430.837 -2.9824 -7.2986 -36.9723][0.792453 -0.595334 0.132651 0.596556 0.801819 0.034735 -0.127041 0.051608 0.990554] 
3d 0 
fr 141598
ts 36938.950840
6d 1 [12 1.000][574.679 -353.496 430.841 -2.9812 -7.2985 -36.9725][0.792451 -0.595339 0.132637 0.596559 0.801817 0.034751 -0.127039 0.051587 0.990555] 
3d 0 
fr 141599
ts 36938.967483
6d 1 [12 1.000][574.678 -353.539 430.840 -2.9815 -7.2994 -36.9711][0.792464 -0.595318 0.132653 0.596538 0.801832 0.034754 -0.127055 0.051591 0.990553] 
3d 0 
fr 141600
ts 36938.984147
6d 1 [12 1.000][574.675 -353.486 430.837 -2.9788 -7.2979 -36.9711][0.792466 -0.595326 0.132604 0.596541 0.801829 0.034775 -0.127029 0.051545 0.990559] 
3d 0 
fr 141601
ts 36939.000833
6d 1 [12 1.000][574.667 -353.474 430.748 -2.9778 -7.3050 -36.9703][0.792463 -0.595311 0.132691 0.596519 0.801841 0.034861 -0.127150 0.051527 0.990544] 
3d 0 
fr 141602
ts 36939.017496
6d 1 [12 1.000][574.665 -353.513 430.818 -2.9736 -7.3033 -36.9694][0.792475 -0.595310 0.132626 0.596509 0.801847 0.034901 -0.127122 0.051455 0.990552] 
3d 0 
fr 141603
ts 36939.034178
6d 1 [12 1.000][574.676 -353.485 430.811 -2.9703 -7.3062 -36.9664][0.792501 -0.595274 0.132634 0.596464 0.801878 0.034970 -0.127173 0.051398 0.990548] 
3d 0 
fr 141604
ts 36939.050840
6d 1 [12 1.000][574.676 -353.485 430.811 -2.9703 -7.3062 -36.9664][0.792501 -0.595274 0.132634 0.596464 0.801878 0.034970 -0.127173 0.051398 0.990548] 
3d 0 
fr 141605
ts 36939.067515
6d 1 [12 1.000][574.676 -353.485 430.811 -2.9703 -7.3062 -36.9664][0.792501 -0.595274 0.132634 0.596464 0.801878 0.034970 -0.127173 0.051398 0.990548] 
3d 0 
fr 141606
ts 36939.084177
6d 1 [12 1.000][574.676 -353.485 430.811 -2.9703 -7.3062 -36.9664][0.792501 -0.595274 0.132634 0.596464 0.801878 0.034970 -0.127173 0.051398 0.990548] 
3d 0 
fr 141607
ts 36939.100844
6d 1 [12 1.000][574.676 -353.494 430.856 -2.9693 -7.3060 -36.9660][0.792505 -0.595271 0.132619 0.596459 0.801881 0.034981 -0.127168 0.051379 0.990550] 
3d 0 
fr 141608
ts 36939.117506
6d 1 [12 1.000][574.675 -353.493 430.860 -2.9670 -7.3047 -36.9648][0.792521 -0.595259 0.132580 0.596444 0.801892 0.034996 -0.127146 0.051341 0.990554] 
3d 0 
fr 141609
ts 36939.134164
6d 1 [12 1.000][574.679 -353.485 430.840 -2.9598 -7.3038 -36.9606][0.792566 -0.595218 0.132494 0.596387 0.801931 0.035078 -0.127130 0.051216 0.990563] 
3d 0 
fr 141610
ts 36939.150830
6d 1 [12 1.000][574.679 -353.485 430.840 -2.9598 -7.3038 -36.9606][0.792566 -0.595218 0.132494 0.596387 0.801931 0.035078 -0.127130 0.051216 0.990563] 
3d 0 
fr 141611
ts 36939.167484
6d 1 [12 1.000][574.686 -353.335 430.827 -2.9611 -7.3044 -36.9615][0.792555 -0.595228 0.132515 0.596399 0.801922 0.035069 -0.127141 0.051238 0.990560] 
3d 0 
fr 141612
ts 36939.184147
6d 1 [12 1.000][574.683 -353.423 430.829 -2.9616 -7.3025 -36.9636][0.792537 -0.595257 0.132493 0.596430 0.801900 0.035046 -0.127108 0.051248 0.990564] 
3d 0 
fr 141613
ts 36939.200788
6d 1 [12 1.000][574.683 -353.455 430.829 -2.9660 -7.3047 -36.9684][0.792483 -0.595312 0.132567 0.596493 0.801854 0.035019 -0.127146 0.051323 0.990555] 
3d 0 
fr 141614
ts 36939.217455
6d 1 [12 1.000][574.677 -353.533 430.832 -2.9654 -7.3042 -36.9690][0.792477 -0.595323 0.132553 0.596503 0.801846 0.035024 -0.127137 0.051313 0.990557] 
3d 0 
fr 141615
ts 36939.234146
6d 1 [12 1.000][574.685 -353.469 430.829 -2.9666 -7.3044 -36.9745][0.792420 -0.595396 0.132565 0.596578 0.801791 0.035021 -0.127140 0.051334 0.990555] 
3d 0 
fr 141616
ts 36939.250810
6d 1 [12 1.000][574.686 -353.468 430.834 -2.9650 -7.3044 -36.9747][0.792418 -0.595404 0.132547 0.596582 0.801787 0.035044 -0.127140 0.051306 0.990557] 
3d 0 
fr 141617
ts 36939.267495
6d 1 [12 1.000][574.687 -353.534 430.825 -2.9660 -7.3051 -36.9739][0.792425 -0.595389 0.132569 0.596569 0.801796 0.035036 -0.127154 0.051323 0.990554] 
3d 0 
fr 141618
ts 36939.284155
6d 1 [12 1.000][574.676 -353.573 430.819 -2.9641 -7.3040 -36.9726][0.792440 -0.595377 0.132534 0.596553 0.801808 0.035049 -0.127134 0.051290 0.990559] 
3d 0 
fr 141619
ts 36939.300835
6d 1 [12 1.000][574.676 -353.487 430.823 -2.9599 -7.3057 -36.9735][0.792428 -0.595397 0.132514 0.596563 0.801797 0.035126 -0.127163 0.051218 0.990559] 
3d 0 
fr 141620
ts 36939.317496
6d 1 [12 1.000][574.676 -353.487 430.823 -2.9599 -7.3057 -36.9735][0.792428 -0.595397 0.132514 0.596563 0.801797 0.035126 -0.127163 0.051218 0.990559] 
3d 0 
fr 141621
ts 36939.334167
6d 1 [12 1.000][574.676 -353.487 430.823 -2.9599 -7.3057 -36.9735][0.792428 -0.595397 0.132514 0.596563 0.801797 0.035126 -0.127163 0.051218 0.990559] 
3d 0 
fr 141622
ts 36939.350828
6d 1 [12 1.000][574.635 -353.493 430.822 -2.9602 -7.3050 -36.9731][0.792434 -0.595391 0.132508 0.596558 0.801802 0.035114 -0.127152 0.051224 0.990560] 
3d 0 
fr 141623
ts 36939.367491
6d 1 [12 1.000][574.660 -353.486 430.822 -2.9679 -7.2994 -36.9725][0.792449 -0.595370 0.132511 0.596558 0.801809 0.034947 -0.127055 0.051357 0.990565] 
3d 0 
fr 141624
ts 36939.384155
6d 1 [12 1.000][574.660 -353.486 430.822 -2.9679 -7.2994 -36.9725][0.792449 -0.595370 0.132511 0.596558 0.801809 0.034947 -0.127055 0.051357 0.990565] 
3d 0 
fr 141625
ts 36939.400810
6d 1 [12 1.000][574.696 -353.377 430.817 -2.9687 -7.3001 -36.9728][0.792445 -0.595372 0.132528 0.596561 0.801806 0.034943 -0.127066 0.051371 0.990563] 
3d 0 
fr 141626
ts 36939.417475
6d 1 [12 1.000][574.676 -353.429 430.818 -2.9722 -7.2991 -36.9725][0.792450 -0.595360 0.132550 0.596558 0.801811 0.034883 -0.127049 0.051431 0.990562] 
3d 0 
fr 141627
ts 36939.434127
6d 1 [12 1.000][574.695 -353.419 430.820 -2.9722 -7.3007 -36.9734][0.792438 -0.595371 0.132573 0.596569 0.801803 0.034902 -0.127077 0.051432 0.990559] 
3d 0 
fr 141628
ts 36939.450788
6d 1 [12 1.000][574.673 -353.592 430.818 -2.9705 -7.3021 -36.9739][0.792430 -0.595381 0.132574 0.596573 0.801798 0.034942 -0.127102 0.051401 0.990557] 
3d 0 
fr 141629
ts 36939.467429
6d 1 [12 1.000][574.678 -353.451 430.821 -2.9702 -7.3102 -36.9800][0.792352 -0.595461 0.132680 0.596647 0.801738 0.035044 -0.127242 0.051396 0.990539] 
3d 0 
fr 141630
ts 36939.484094
6d 1 [12 1.000][574.678 -353.451 430.821 -2.9702 -7.3102 -36.9800][0.792352 -0.595461 0.132680 0.596647 0.801738 0.035044 -0.127242 0.051396 0.990539] 
3d 0 
fr 141631
ts 36939.500783
6d 1 [12 1.000][574.678 -353.451 430.821 -2.9702 -7.3102 -36.9800][0.792352 -0.595461 0.132680 0.596647 0.801738 0.035044 -0.127242 0.051396 0.990539] 
3d 0 
fr 141632
ts 36939.517443
6d 1 [12 1.000][574.678 -353.451 430.821 -2.9702 -7.3102 -36.9800][0.792352 -0.595461 0.132680 0.596647 0.801738 0.035044 -0.127242 0.051396 0.990539] 
3d 0 
fr 141633
ts 36939.534127
6d 1 [12 1.000][574.678 -353.451 430.821 -2.9702 -7.3102 -36.9800][0.792352 -0.595461 0.132680 0.596647 0.801738 0.035044 -0.127242 0.051396 0.990539] 
3d 0 
fr 141634
ts 36939.550788
6d 1 [12 1.000][574.678 -353.451 430.821 -2.9702 -7.3102 -36.9800][0.792352 -0.595461 0.132680 0.596647 0.801738 0.035044 -0.127242 0.051396 0.990539] 
3d 0 
fr 141635
ts 36939.567460
6d 1 [12 1.000][574.678 -353.451 430.821 -2.9702 -7.3102 -36.9800][0.792352 -0.595461 0.132680 0.596647 0.801738 0.035044 -0.127242 0.051396 0.990539] 
3d 0 
fr 141636
ts 36939.584125
6d 1 [12 1.000][574.678 -353.451 430.821 -2.9702 -7.3102 -36.9800][0.792352 -0.595461 0.132680 0.596647 0.801738 0.035044 -0.127242 0.051396 0.990539] 
3d 0 
fr 141637
ts 36939.600790
6d 1 [12 1.000][574.678 -353.451 430.821 -2.9702 -7.3102 -36.9800][0.792352 -0.595461 0.132680 0.596647 0.801738 0.035044 -0.127242 0.051396 0.990539] 
3d 0 
fr 141638
ts 36939.617454
6d 1 [12 1.000][574.678 -353.451 430.821 -2.9702 -7.3102 -36.9800][0.792352 -0.595461 0.132680 0.596647 0.801738 0.035044 -0.127242 0.051396 0.990539] 
3d 0 
fr 141639
ts 36939.634112
6d 1 [12 1.000][574.678 -353.451 430.821 -2.9702 -7.3102 -36.9800][0.792352 -0.595461 0.132680 0.596647 0.801738 0.035044 -0.127242 0.051396 0.990539] 
3d 0 
fr 141640
ts 36939.650778
6d 1 [12 1.000][574.671 -353.561 430.847 -2.9700 -7.3086 -36.9807][0.792348 -0.595473 0.132654 0.596659 0.801730 0.035032 -0.127213 0.051392 0.990543] 
3d 0 
fr 141641
ts 36939.667433
6d 1 [12 1.000][574.672 -353.486 430.846 -2.9708 -7.2973 -36.9903][0.792268 -0.595613 0.132501 0.596807 0.801625 0.034925 -0.127018 0.051407 0.990567] 
3d 0 
fr 141642
ts 36939.684096
6d 1 [12 1.000][574.675 -353.568 430.870 -2.9704 -7.2962 -36.9893][0.792281 -0.595600 0.132482 0.596794 0.801635 0.034916 -0.126998 0.051401 0.990570] 
3d 0 
fr 141643
ts 36939.700742
6d 1 [12 1.000][574.678 -353.505 430.870 -2.9720 -7.2954 -36.9871][0.792304 -0.595567 0.132489 0.596765 0.801658 0.034882 -0.126985 0.051428 0.990570] 
3d 0 
fr 141644
ts 36939.717404
6d 1 [12 1.000][574.675 -353.522 430.872 -2.9708 -7.2915 -36.9860][0.792323 -0.595557 0.132423 0.596754 0.801667 0.034854 -0.126917 0.051408 0.990580] 
3d 0 
fr 141645
ts 36939.734096
6d 1 [12 1.000][574.681 -353.490 430.870 -2.9734 -7.2875 -36.9779][0.792414 -0.595441 0.132399 0.596649 0.801749 0.034759 -0.126848 0.051453 0.990587] 
3d 0 
fr 141646
ts 36939.750758
6d 1 [12 1.000][574.681 -353.490 430.870 -2.9734 -7.2875 -36.9779][0.792414 -0.595441 0.132399 0.596649 0.801749 0.034759 -0.126848 0.051453 0.990587] 
3d 0 
fr 141647
ts 36939.767444
6d 1 [12 1.000][574.681 -353.490 430.870 -2.9734 -7.2875 -36.9779][0.792414 -0.595441 0.132399 0.596649 0.801749 0.034759 -0.126848 0.051453 0.990587] 
3d 0 
fr 141648
ts 36939.784106
6d 1 [12 1.000][574.667 -353.502 430.834 -2.9727 -7.2873 -36.9773][0.792421 -0.595434 0.132391 0.596640 0.801756 0.034764 -0.126845 0.051442 0.990588] 
3d 0 
fr 141649
ts 36939.800784
6d 1 [12 1.000][574.673 -353.507 430.828 -2.9730 -7.2887 -36.9762][0.792430 -0.595417 0.132414 0.596623 0.801768 0.034773 -0.126869 0.051446 0.990584] 
3d 0 
fr 141650
ts 36939.817446
6d 1 [12 1.000][574.674 -353.516 430.850 -2.9707 -7.2863 -36.9719][0.792479 -0.595364 0.132359 0.596567 0.801810 0.034770 -0.126827 0.051407 0.990592] 
3d 0 
fr 141651
ts 36939.834118
6d 1 [12 1.000][574.667 -353.576 430.827 -2.9695 -7.2874 -36.9708][0.792488 -0.595351 0.132362 0.596550 0.801821 0.034796 -0.126847 0.051385 0.990590] 
3d 0 
fr 141652
ts 36939.850779
6d 1 [12 1.000][574.669 -353.561 430.842 -2.9664 -7.2878 -36.9695][0.792501 -0.595340 0.132336 0.596532 0.801833 0.034840 -0.126853 0.051332 0.990592] 
3d 0 
fr 141653
ts 36939.867441
6d 1 [12 1.000][574.704 -353.439 430.856 -2.9661 -7.2862 -36.9711][0.792487 -0.595364 0.132310 0.596556 0.801815 0.034831 -0.126825 0.051327 0.990596] 
3d 0 
fr 141654
ts 36939.884106
6d 1 [12 1.000][574.677 -353.520 430.856 -2.9547 -7.2891 -36.9656][0.792540 -0.595310 0.132235 0.596475 0.801868 0.035008 -0.126875 0.051130 0.990600] 
3d 0 
fr 141655
ts 36939.900761
6d 1 [12 1.000][574.677 -353.520 430.856 -2.9547 -7.2891 -36.9656][0.792540 -0.595310 0.132235 0.596475 0.801868 0.035008 -0.126875 0.051130 0.990600] 
3d 0 
fr 141656
ts 36939.917426
6d 1 [12 1.000][574.675 -353.510 430.856 -2.9547 -7.2880 -36.9660][0.792538 -0.595316 0.132220 0.596482 0.801863 0.034997 -0.126857 0.051130 0.990602] 
3d 0 
fr 141657
ts 36939.934077
6d 1 [12 1.000][574.671 -353.456 430.848 -2.9564 -7.2889 -36.9657][0.792539 -0.595308 0.132250 0.596477 0.801867 0.034982 -0.126872 0.051160 0.990599] 
3d 0 
fr 141658
ts 36939.950739
6d 1 [12 1.000][574.643 -353.517 430.848 -2.9542 -7.2892 -36.9656][0.792540 -0.595311 0.132231 0.596475 0.801867 0.035017 -0.126878 0.051121 0.990600] 
3d 0 
fr 141659
ts 36939.967383
6d 1 [12 1.000][574.660 -353.447 430.843 -2.9554 -7.2958 -36.9669][0.792514 -0.595322 0.132335 0.596485 0.801858 0.035071 -0.126992 0.051141 0.990584] 
3d 0 
fr 141660
ts 36939.984043
6d 1 [12 1.000][574.654 -353.482 430.848 -2.9527 -7.2928 -36.9667][0.792522 -0.595327 0.132266 0.596486 0.801857 0.035077 -0.126940 0.051095 0.990593] 
3d 0 
fr 141661
ts 36940.000731
6d 1 [12 1.000][574.670 -353.471 430.841 -2.9584 -7.2951 -36.9673][0.792511 -0.595322 0.132355 0.596492 0.801855 0.035023 -0.126980 0.051192 0.990583] 
3d 0 
fr 141662
ts 36940.017396
6d 1 [12 1.000][574.689 -353.505 430.852 -2.9525 -7.2971 -36.9677][0.792504 -0.595339 0.132322 0.596494 0.801849 0.035126 -0.127014 0.051092 0.990584] 
3d 0 
fr 141663
ts 36940.034077
6d 1 [12 1.000][574.712 -353.496 430.857 -2.9525 -7.2965 -36.9684][0.792497 -0.595350 0.132313 0.596505 0.801840 0.035123 -0.127004 0.051091 0.990586] 
3d 0 
fr 141664
ts 36940.050739
6d 1 [12 1.000][574.687 -353.526 430.866 -2.9518 -7.2903 -36.9688][0.792504 -0.595362 0.132220 0.596519 0.801833 0.035069 -0.126897 0.051080 0.990600] 
3d 0 
fr 141665
ts 36940.067415
6d 1 [12 1.000][574.705 -353.484 430.864 -2.9551 -7.2936 -36.9707][0.792478 -0.595378 0.132299 0.596541 0.801817 0.035062 -0.126954 0.051136 0.990590] 
3d 0 
fr 141666
ts 36940.084076
6d 1 [12 1.000][574.681 -353.504 430.864 -2.9522 -7.2862 -36.9738][0.792460 -0.595433 0.132164 0.596593 0.801779 0.035032 -0.126826 0.051087 0.990609] 
3d 0 
fr 141667
ts 36940.100741
6d 1 [12 1.000][574.681 -353.504 430.864 -2.9522 -7.2862 -36.9738][0.792460 -0.595433 0.132164 0.596593 0.801779 0.035032 -0.126826 0.051087 0.990609] 
3d 0 
fr 141668
ts 36940.117408
6d 1 [12 1.000][574.681 -353.504 430.864 -2.9522 -7.2862 -36.9738][0.792460 -0.595433 0.132164 0.596593 0.801779 0.035032 -0.126826 0.051087 0.990609] 
3d 0 
fr 141669
ts 36940.134067
6d 1 [12 1.000][574.688 -353.384 430.856 -2.9533 -7.2873 -36.9746][0.792450 -0.595441 0.132190 0.596602 0.801772 0.035031 -0.126845 0.051105 0.990605] 
3d 0 
fr 141670
ts 36940.150729
6d 1 [12 1.000][574.681 -353.586 430.862 -2.9533 -7.2864 -36.9738][0.792459 -0.595431 0.132179 0.596593 0.801779 0.035018 -0.126829 0.051107 0.990607] 
3d 0 
fr 141671
ts 36940.167385
6d 1 [12 1.000][574.675 -353.526 430.851 -2.9622 -7.2918 -36.9762][0.792424 -0.595440 0.132345 0.596619 0.801763 0.034956 -0.126923 0.051259 0.990587] 
3d 0 
fr 141672
ts 36940.184046
6d 1 [12 1.000][574.669 -353.570 430.847 -2.9620 -7.2921 -36.9753][0.792434 -0.595427 0.132346 0.596605 0.801773 0.034959 -0.126927 0.051255 0.990587] 
3d 0 
fr 141673
ts 36940.200691
6d 1 [12 1.000][574.672 -353.501 430.841 -2.9624 -7.2944 -36.9748][0.792435 -0.595417 0.132383 0.596595 0.801780 0.034977 -0.126968 0.051262 0.990581] 
3d 0 
fr 141674
ts 36940.217355
6d 1 [12 1.000][574.675 -353.505 430.836 -2.9622 -7.2934 -36.9740][0.792445 -0.595408 0.132366 0.596586 0.801787 0.034968 -0.126950 0.051258 0.990584] 
3d 0 
fr 141675
ts 36940.233993
6d 1 [12 1.000][574.673 -353.493 430.832 -2.9632 -7.2999 -36.9686][0.792489 -0.595326 0.132470 0.596503 0.801847 0.035009 -0.127062 0.051275 0.990569] 
3d 0 
fr 141676
ts 36940.250658
6d 1 [12 1.000][574.673 -353.493 430.832 -2.9632 -7.2999 -36.9686][0.792489 -0.595326 0.132470 0.596503 0.801847 0.035009 -0.127062 0.051275 0.990569] 
3d 0 
fr 141677
ts 36940.267340
6d 1 [12 1.000][574.672 -353.410 430.843 -2.9637 -7.2993 -36.9689][0.792488 -0.595328 0.132467 0.596508 0.801844 0.034995 -0.127052 0.051284 0.990569] 
3d 0 
fr 141678
ts 36940.284006
6d 1 [12 1.000][574.666 -353.503 430.847 -2.9623 -7.2962 -36.9689][0.792493 -0.595334 0.132411 0.596512 0.801842 0.034983 -0.127000 0.051261 0.990577] 
3d 0 
fr 141679
ts 36940.300681
6d 1 [12 1.000][574.666 -353.503 430.847 -2.9623 -7.2962 -36.9689][0.792493 -0.595334 0.132411 0.596512 0.801842 0.034983 -0.127000 0.051261 0.990577] 
3d 0 
fr 141680
ts 36940.317346
6d 1 [12 1.000][574.666 -353.503 430.847 -2.9623 -7.2962 -36.9689][0.792493 -0.595334 0.132411 0.596512 0.801842 0.034983 -0.127000 0.051261 0.990577] 
3d 0 
fr 141681
ts 36940.334016
6d 1 [12 1.000][574.666 -353.503 430.847 -2.9623 -7.2962 -36.9689][0.792493 -0.595334 0.132411 0.596512 0.801842 0.034983 -0.127000 0.051261 0.990577] 
3d 0 
fr 141682
ts 36940.350683
6d 1 [12 1.000][574.666 -353.503 430.847 -2.9623 -7.2962 -36.9689][0.792493 -0.595334 0.132411 0.596512 0.801842 0.034983 -0.127000 0.051261 0.990577] 
3d 0 
fr 141683
ts 36940.367343
6d 1 [12 1.000][574.666 -353.503 430.847 -2.9623 -7.2962 -36.9689][0.792493 -0.595334 0.132411 0.596512 0.801842 0.034983 -0.127000 0.051261 0.990577] 
3d 0 
fr 141684
ts 36940.384007
6d 1 [12 1.000][574.656 -353.599 430.853 -2.9617 -7.2961 -36.9685][0.792497 -0.595330 0.132403 0.596507 0.801845 0.034990 -0.126997 0.051250 0.990578] 
3d 0 
fr 141685
ts 36940.400663
6d 1 [12 1.000][574.674 -353.502 430.898 -2.9592 -7.3005 -36.9684][0.792490 -0.595332 0.132438 0.596500 0.801847 0.035069 -0.127072 0.051207 0.990571] 
3d 0 
fr 141686
ts 36940.417327
6d 1 [12 1.000][574.674 -353.502 430.898 -2.9592 -7.3005 -36.9684][0.792490 -0.595332 0.132438 0.596500 0.801847 0.035069 -0.127072 0.051207 0.990571] 
3d 0 
fr 141687
ts 36940.433979
6d 1 [12 1.000][574.674 -353.502 430.898 -2.9592 -7.3005 -36.9684][0.792490 -0.595332 0.132438 0.596500 0.801847 0.035069 -0.127072 0.051207 0.990571] 
3d 0 
fr 141688
ts 36940.450642
6d 1 [12 1.000][574.674 -353.502 430.898 -2.9592 -7.3005 -36.9684][0.792490 -0.595332 0.132438 0.596500 0.801847 0.035069 -0.127072 0.051207 0.990571] 
3d 0 
fr 141689
ts 36940.467285
6d 1 [12 1.000][574.682 -353.408 430.864 -2.9606 -7.2989 -36.9692][0.792484 -0.595341 0.132430 0.596513 0.801838 0.035036 -0.127046 0.051231 0.990573] 
3d 0 
fr 141690
ts 36940.483947
6d 1 [12 1.000][574.672 -353.478 430.868 -2.9694 -7.2839 -36.9724][0.792479 -0.595375 0.132311 0.596576 0.801803 0.034764 -0.126785 0.051384 0.990598] 
3d 0 
fr 141691
ts 36940.500637
6d 1 [12 1.000][574.672 -353.478 430.868 -2.9694 -7.2839 -36.9724][0.792479 -0.595375 0.132311 0.596576 0.801803 0.034764 -0.126785 0.051384 0.990598] 
3d 0 
fr 141692
ts 36940.517298
6d 1 [12 1.000][574.672 -353.478 430.868 -2.9694 -7.2839 -36.9724][0.792479 -0.595375 0.132311 0.596576 0.801803 0.034764 -0.126785 0.051384 0.990598] 
3d 0 
fr 141693
ts 36940.533981
6d 1 [12 1.000][574.672 -353.478 430.868 -2.9694 -7.2839 -36.9724][0.792479 -0.595375 0.132311 0.596576 0.801803 0.034764 -0.126785 0.051384 0.990598] 
3d 0 
fr 141694
ts 36940.550642
6d 1 [12 1.000][574.666 -353.604 430.851 -2.9691 -7.2846 -36.9719][0.792482 -0.595369 0.132319 0.596569 0.801808 0.034774 -0.126797 0.051379 0.990597] 
3d 0 
fr 141695
ts 36940.567314
6d 1 [12 1.000][574.668 -353.483 430.812 -2.9712 -7.2875 -36.9725][0.792470 -0.595371 0.132380 0.596574 0.801804 0.034777 -0.126848 0.051415 0.990589] 
3d 0 
fr 141696
ts 36940.583980
6d 1 [12 1.000][574.671 -353.458 430.838 -2.9734 -7.2910 -36.9719][0.792471 -0.595354 0.132452 0.596560 0.801814 0.034780 -0.126909 0.051453 0.990579] 
3d 0 
fr 141697
ts 36940.600645
6d 1 [12 1.000][574.773 -353.466 430.844 -2.9733 -7.2917 -36.9727][0.792461 -0.595365 0.132461 0.596570 0.801806 0.034791 -0.126921 0.051452 0.990577] 
3d 0 
fr 141698
ts 36940.617310
6d 1 [12 1.000][574.718 -353.437 430.842 -2.9721 -7.2914 -36.9748][0.792440 -0.595397 0.132442 0.596600 0.801784 0.034810 -0.126915 0.051430 0.990579] 
3d 0 
fr 141699
ts 36940.633972
6d 1 [12 1.000][574.701 -353.391 430.845 -2.9717 -7.2936 -36.9777][0.792406 -0.595437 0.132467 0.596636 0.801755 0.034845 -0.126954 0.051423 0.990575] 
3d 0 
fr 141700
ts 36940.650633
6d 1 [12 1.000][574.628 -353.461 430.842 -2.9671 -7.2966 -36.9835][0.792340 -0.595526 0.132457 0.596713 0.801693 0.034953 -0.127006 0.051344 0.990572] 
3d 0 
fr 141701
ts 36940.667286
6d 1 [12 1.000][574.628 -353.461 430.842 -2.9671 -7.2966 -36.9835][0.792340 -0.595526 0.132457 0.596713 0.801693 0.034953 -0.127006 0.051344 0.990572] 
3d 0 
fr 141702
ts 36940.683951
6d 1 [12 1.000][574.652 -353.476 430.832 -2.9659 -7.2965 -36.9827][0.792349 -0.595519 0.132443 0.596702 0.801700 0.034968 -0.127004 0.051322 0.990574] 
3d 0 
fr 141703
ts 36940.700599
6d 1 [12 1.000][574.658 -353.529 430.828 -2.9665 -7.2972 -36.9811][0.792364 -0.595494 0.132460 0.596679 0.801718 0.034963 -0.127016 0.051333 0.990572] 
3d 0 
fr 141704
ts 36940.717260
6d 1 [12 1.000][574.675 -353.587 430.833 -2.9639 -7.2951 -36.9784][0.792396 -0.595464 0.132406 0.596645 0.801743 0.034971 -0.126980 0.051288 0.990578] 
3d 0 
fr 141705
ts 36940.733902
6d 1 [12 1.000][574.671 -353.550 430.830 -2.9635 -7.2999 -36.9745][0.792428 -0.595407 0.132470 0.596584 0.801786 0.035018 -0.127062 0.051280 0.990568] 
3d 0 
fr 141706
ts 36940.750563
6d 1 [12 1.000][574.663 -353.553 430.833 -2.9593 -7.2994 -36.9715][0.792460 -0.595375 0.132421 0.596544 0.801814 0.035064 -0.127054 0.051208 0.990573] 
3d 0 
fr 141707
ts 36940.767246
6d 1 [12 1.000][574.663 -353.576 430.827 -2.9655 -7.3001 -36.9640][0.792537 -0.595255 0.132500 0.596439 0.801896 0.034967 -0.127066 0.051316 0.990566] 
3d 0 
fr 141708
ts 36940.783911
6d 1 [12 1.000][574.662 -353.573 430.833 -2.9618 -7.2922 -36.9615][0.792577 -0.595235 0.132355 0.596415 0.801916 0.034931 -0.126929 0.051253 0.990587] 
3d 0 
fr 141709
ts 36940.800590
6d 1 [12 1.000][574.669 -353.356 430.841 -2.9700 -7.2917 -36.9646][0.792545 -0.595260 0.132431 0.596459 0.801888 0.034819 -0.126922 0.051394 0.990580] 
3d 0 
fr 141710
ts 36940.817254
6d 1 [12 1.000][574.674 -353.450 430.852 -2.9674 -7.2788 -36.9662][0.792552 -0.595297 0.132224 0.596497 0.801864 0.034725 -0.126698 0.051350 0.990611] 
3d 0 
fr 141711
ts 36940.833924
6d 1 [12 1.000][574.684 -353.423 430.847 -2.9674 -7.2884 -36.9662][0.792534 -0.595291 0.132357 0.596486 0.801868 0.034824 -0.126863 0.051350 0.990590] 
3d 0 
fr 141712
ts 36940.850586
6d 1 [12 1.000][574.683 -353.480 430.848 -2.9601 -7.2846 -36.9654][0.792549 -0.595299 0.132230 0.596480 0.801870 0.034886 -0.126798 0.051224 0.990605] 
3d 0 
fr 141713
ts 36940.867252
6d 1 [12 1.000][574.685 -353.530 430.841 -2.9616 -7.2943 -36.9647][0.792540 -0.595278 0.132380 0.596456 0.801884 0.034964 -0.126967 0.051248 0.990582] 
3d 0 
fr 141714
ts 36940.883914
6d 1 [12 1.000][574.680 -353.513 430.835 -2.9621 -7.2888 -36.9647][0.792550 -0.595281 0.132309 0.596463 0.801881 0.034900 -0.126871 0.051258 0.990594] 
3d 0 
fr 141715
ts 36940.900572
6d 1 [12 1.000][574.680 -353.513 430.835 -2.9621 -7.2888 -36.9647][0.792550 -0.595281 0.132309 0.596463 0.801881 0.034900 -0.126871 0.051258 0.990594] 
3d 0 
fr 141716
ts 36940.917234
6d 1 [12 1.000][574.680 -353.513 430.835 -2.9621 -7.2888 -36.9647][0.792550 -0.595281 0.132309 0.596463 0.801881 0.034900 -0.126871 0.051258 0.990594] 
3d 0 
fr 141717
ts 36940.933886
6d 1 [12 1.000][574.680 -353.513 430.835 -2.9621 -7.2888 -36.9647][0.792550 -0.595281 0.132309 0.596463 0.801881 0.034900 -0.126871 0.051258 0.990594] 
3d 0 
fr 141718
ts 36940.950547
6d 1 [12 1.000][574.680 -353.513 430.835 -2.9621 -7.2888 -36.9647][0.792550 -0.595281 0.132309 0.596463 0.801881 0.034900 -0.126871 0.051258 0.990594] 
3d 0 
fr 141719
ts 36940.967192
6d 1 [12 1.000][574.680 -353.513 430.835 -2.9621 -7.2888 -36.9647][0.792550 -0.595281 0.132309 0.596463 0.801881 0.034900 -0.126871 0.051258 0.990594] 
3d 0 
fr 141720
ts 36940.983854
6d 1 [12 1.000][574.680 -353.513 430.835 -2.9621 -7.2888 -36.9647][0.792550 -0.595281 0.132309 0.596463 0.801881 0.034900 -0.126871 0.051258 0.990594] 
3d 0 
fr 141721
ts 36941.000540
6d 1 [12 1.000][574.673 -353.432 430.829 -2.9620 -7.2914 -36.9665][0.792526 -0.595305 0.132342 0.596485 0.801864 0.034932 -0.126916 0.051256 0.990588] 
3d 0 
fr 141722
ts 36941.017197
6d 1 [12 1.000][574.677 -353.463 430.825 -2.9559 -7.3081 -36.9765][0.792392 -0.595447 0.132504 0.596601 0.801765 0.035215 -0.127206 0.051148 0.990557] 
3d 0 
fr 141723
ts 36941.033889
6d 1 [12 1.000][574.677 -353.463 430.825 -2.9559 -7.3081 -36.9765][0.792392 -0.595447 0.132504 0.596601 0.801765 0.035215 -0.127206 0.051148 0.990557] 
3d 0 
fr 141724
ts 36941.050549
6d 1 [12 1.000][574.677 -353.463 430.825 -2.9559 -7.3081 -36.9765][0.792392 -0.595447 0.132504 0.596601 0.801765 0.035215 -0.127206 0.051148 0.990557] 
3d 0 
fr 141725
ts 36941.067225
6d 1 [12 1.000][574.677 -353.463 430.825 -2.9559 -7.3081 -36.9765][0.792392 -0.595447 0.132504 0.596601 0.801765 0.035215 -0.127206 0.051148 0.990557] 
3d 0 
fr 141726
ts 36941.083887
6d 1 [12 1.000][574.677 -353.463 430.825 -2.9559 -7.3081 -36.9765][0.792392 -0.595447 0.132504 0.596601 0.801765 0.035215 -0.127206 0.051148 0.990557] 
3d 0 
fr 141727
ts 36941.100554
6d 1 [12 1.000][574.677 -353.463 430.825 -2.9559 -7.3081 -36.9765][0.792392 -0.595447 0.132504 0.596601 0.801765 0.035215 -0.127206 0.051148 0.990557] 
3d 0 
fr 141728
ts 36941.117218
6d 1 [12 1.000][574.634 -353.485 430.839 -2.9573 -7.3076 -36.9766][0.792392 -0.595446 0.132511 0.596604 0.801764 0.035190 -0.127196 0.051172 0.990557] 
3d 0 
fr 141729
ts 36941.133876
6d 1 [12 1.000][574.670 -353.441 430.864 -2.9747 -7.3090 -36.9835][0.792318 -0.595501 0.132706 0.596697 0.801704 0.034976 -0.127220 0.051473 0.990538] 
3d 0 
fr 141730
ts 36941.150542
6d 1 [12 1.000][574.669 -353.548 430.848 -2.9708 -7.3087 -36.9832][0.792321 -0.595506 0.132662 0.596694 0.801704 0.035028 -0.127215 0.051405 0.990542] 
3d 0 
fr 141731
ts 36941.167197
6d 1 [12 1.000][574.672 -353.442 430.849 -2.9688 -7.3095 -36.9806][0.792348 -0.595473 0.132654 0.596656 0.801731 0.035057 -0.127228 0.051371 0.990542] 
3d 0 
fr 141732
ts 36941.183859
6d 1 [12 1.000][574.668 -353.440 430.892 -2.9683 -7.3083 -36.9807][0.792349 -0.595477 0.132633 0.596659 0.801729 0.035052 -0.127208 0.051363 0.990545] 
3d 0 
fr 141733
ts 36941.200507
6d 1 [12 1.000][574.677 -353.450 430.865 -2.9664 -7.3046 -36.9807][0.792355 -0.595484 0.132562 0.596664 0.801726 0.035041 -0.127145 0.051331 0.990555] 
3d 0 
fr 141734
ts 36941.217171
6d 1 [12 1.000][574.677 -353.488 430.866 -2.9662 -7.3030 -36.9803][0.792362 -0.595480 0.132538 0.596661 0.801729 0.035025 -0.127116 0.051328 0.990559] 
3d 0 
fr 141735
ts 36941.233811
6d 1 [12 1.000][574.671 -353.465 430.855 -2.9663 -7.2990 -36.9792][0.792381 -0.595466 0.132485 0.596650 0.801739 0.034980 -0.127047 0.051330 0.990568] 
3d 0 
fr 141736
ts 36941.250472
6d 1 [12 1.000][574.663 -353.511 430.823 -2.9656 -7.2988 -36.9786][0.792387 -0.595460 0.132475 0.596643 0.801744 0.034987 -0.127044 0.051317 0.990569] 
3d 0 
fr 141737
ts 36941.267159
6d 1 [12 1.000][574.657 -353.528 430.780 -2.9654 -7.3002 -36.9769][0.792403 -0.595436 0.132493 0.596617 0.801763 0.035000 -0.127068 0.051314 0.990566] 
3d 0 
fr 141738
ts 36941.283821
6d 1 [12 1.000][574.655 -353.557 430.807 -2.9619 -7.2988 -36.9766][0.792408 -0.595441 0.132437 0.596615 0.801763 0.035033 -0.127043 0.051254 0.990572] 
3d 0 
fr 141739
ts 36941.300500
6d 1 [12 1.000][574.670 -353.397 430.843 -2.9624 -7.2995 -36.9774][0.792398 -0.595451 0.132452 0.596626 0.801754 0.035037 -0.127056 0.051261 0.990570] 
3d 0 
fr 141740
ts 36941.317162
6d 1 [12 1.000][574.668 -353.424 430.876 -2.9565 -7.2993 -36.9729][0.792445 -0.595402 0.132391 0.596564 0.801798 0.035106 -0.127053 0.051160 0.990576] 
3d 0 
fr 141741
ts 36941.333830
6d 1 [12 1.000][574.668 -353.424 430.876 -2.9565 -7.2993 -36.9729][0.792445 -0.595402 0.132391 0.596564 0.801798 0.035106 -0.127053 0.051160 0.990576] 
3d 0 
