fr 122752
ts 36624.894900
6d 1 [12 1.000][575.459 -352.054 431.803 -3.4581 -7.0442 -36.9931][0.792679 -0.594716 0.134066 0.597177 0.801704 0.025481 -0.122635 0.059863 0.990645] 
3d 0 
fr 122753
ts 36624.911577
6d 1 [12 1.000][575.470 -351.980 431.761 -3.4595 -7.0468 -36.9933][0.792673 -0.594712 0.134117 0.597176 0.801705 0.025488 -0.122681 0.059888 0.990638] 
3d 0 
fr 122754
ts 36624.928239
6d 1 [12 1.000][575.462 -352.070 431.757 -3.4586 -7.0463 -36.9931][0.792676 -0.594712 0.134100 0.597174 0.801707 0.025494 -0.122671 0.059872 0.990640] 
3d 0 
fr 122755
ts 36624.944903
6d 1 [12 1.000][575.475 -351.983 431.797 -3.4576 -7.0453 -36.9945][0.792663 -0.594735 0.134075 0.597195 0.801690 0.025502 -0.122654 0.059854 0.990643] 
3d 0 
fr 122756
ts 36624.961568
6d 1 [12 1.000][575.470 -351.993 431.793 -3.4536 -7.0426 -36.9944][0.792669 -0.594745 0.133997 0.597197 0.801688 0.025530 -0.122608 0.059786 0.990653] 
3d 0 
fr 122757
ts 36624.978228
6d 1 [12 1.000][575.474 -351.994 431.777 -3.4459 -7.0397 -36.9968][0.792649 -0.594799 0.133875 0.597234 0.801658 0.025613 -0.122556 0.059653 0.990667] 
3d 0 
fr 122758
ts 36624.994890
6d 1 [12 1.000][575.474 -351.994 431.777 -3.4459 -7.0397 -36.9968][0.792649 -0.594799 0.133875 0.597234 0.801658 0.025613 -0.122556 0.059653 0.990667] 
3d 0 
fr 122759
ts 36625.011543
6d 1 [12 1.000][575.480 -351.901 431.772 -3.4451 -7.0387 -36.9981][0.792637 -0.594820 0.133852 0.597253 0.801644 0.025617 -0.122539 0.059639 0.990670] 
3d 0 
fr 122760
ts 36625.028205
6d 1 [12 1.000][575.464 -351.971 431.776 -3.4341 -7.0297 -37.0035][0.792595 -0.594929 0.133612 0.597340 0.801577 0.025690 -0.122384 0.059450 0.990701] 
3d 0 
fr 122761
ts 36625.044851
6d 1 [12 1.000][575.464 -351.971 431.776 -3.4341 -7.0297 -37.0035][0.792595 -0.594929 0.133612 0.597340 0.801577 0.025690 -0.122384 0.059450 0.990701] 
3d 0 
fr 122762
ts 36625.061512
6d 1 [12 1.000][575.464 -351.971 431.776 -3.4341 -7.0297 -37.0035][0.792595 -0.594929 0.133612 0.597340 0.801577 0.025690 -0.122384 0.059450 0.990701] 
3d 0 
fr 122763
ts 36625.078205
6d 1 [12 1.000][575.464 -351.971 431.776 -3.4341 -7.0297 -37.0035][0.792595 -0.594929 0.133612 0.597340 0.801577 0.025690 -0.122384 0.059450 0.990701] 
3d 0 
fr 122764
ts 36625.094866
6d 1 [12 1.000][575.464 -351.971 431.776 -3.4341 -7.0297 -37.0035][0.792595 -0.594929 0.133612 0.597340 0.801577 0.025690 -0.122384 0.059450 0.990701] 
3d 0 
fr 122765
ts 36625.111550
6d 1 [12 1.000][575.464 -351.971 431.776 -3.4341 -7.0297 -37.0035][0.792595 -0.594929 0.133612 0.597340 0.801577 0.025690 -0.122384 0.059450 0.990701] 
3d 0 
fr 122766
ts 36625.128213
6d 1 [12 1.000][575.462 -352.051 431.772 -3.4340 -7.0302 -37.0014][0.792616 -0.594899 0.133618 0.597310 0.801599 0.025692 -0.122392 0.059448 0.990700] 
3d 0 
fr 122767
ts 36625.144887
6d 1 [12 1.000][575.479 -351.978 431.775 -3.4376 -7.0384 -36.9869][0.792754 -0.594681 0.133776 0.597099 0.801756 0.025692 -0.122535 0.059510 0.990678] 
3d 0 
fr 122768
ts 36625.161551
6d 1 [12 1.000][575.463 -352.015 431.758 -3.4372 -7.0385 -36.9864][0.792759 -0.594675 0.133774 0.597092 0.801761 0.025698 -0.122537 0.059503 0.990679] 
3d 0 
fr 122769
ts 36625.178222
6d 1 [12 1.000][575.468 -351.978 431.763 -3.4383 -7.0386 -36.9833][0.792791 -0.594629 0.133787 0.597048 0.801794 0.025677 -0.122538 0.059521 0.990677] 
3d 0 
fr 122770
ts 36625.194883
6d 1 [12 1.000][575.468 -351.978 431.763 -3.4383 -7.0386 -36.9833][0.792791 -0.594629 0.133787 0.597048 0.801794 0.025677 -0.122538 0.059521 0.990677] 
3d 0 
fr 122771
ts 36625.211548
6d 1 [12 1.000][575.468 -351.978 431.763 -3.4383 -7.0386 -36.9833][0.792791 -0.594629 0.133787 0.597048 0.801794 0.025677 -0.122538 0.059521 0.990677] 
3d 0 
fr 122772
ts 36625.228201
6d 1 [12 1.000][575.448 -352.063 431.755 -3.4372 -7.0391 -36.9816][0.792808 -0.594607 0.133784 0.597025 0.801811 0.025692 -0.122546 0.059503 0.990677] 
3d 0 
fr 122773
ts 36625.244865
6d 1 [12 1.000][575.444 -352.038 431.712 -3.4369 -7.0451 -36.9687][0.792932 -0.594422 0.133869 0.596838 0.801949 0.025729 -0.122650 0.059497 0.990665] 
3d 0 
fr 122774
ts 36625.261527
6d 1 [12 1.000][575.444 -352.038 431.712 -3.4369 -7.0451 -36.9687][0.792932 -0.594422 0.133869 0.596838 0.801949 0.025729 -0.122650 0.059497 0.990665] 
3d 0 
fr 122775
ts 36625.278173
6d 1 [12 1.000][575.444 -352.038 431.712 -3.4369 -7.0451 -36.9687][0.792932 -0.594422 0.133869 0.596838 0.801949 0.025729 -0.122650 0.059497 0.990665] 
3d 0 
fr 122776
ts 36625.294838
6d 1 [12 1.000][575.444 -352.038 431.712 -3.4369 -7.0451 -36.9687][0.792932 -0.594422 0.133869 0.596838 0.801949 0.025729 -0.122650 0.059497 0.990665] 
3d 0 
fr 122777
ts 36625.311478
6d 1 [12 1.000][575.451 -351.970 431.747 -3.4381 -7.0459 -36.9699][0.792918 -0.594436 0.133893 0.596854 0.801937 0.025724 -0.122665 0.059518 0.990662] 
3d 0 
fr 122778
ts 36625.328143
6d 1 [12 1.000][575.447 -352.001 431.741 -3.4380 -7.0474 -36.9720][0.792894 -0.594464 0.133912 0.596881 0.801917 0.025745 -0.122691 0.059516 0.990659] 
3d 0 
fr 122779
ts 36625.344828
6d 1 [12 1.000][575.456 -351.961 431.750 -3.4391 -7.0487 -36.9761][0.792849 -0.594518 0.133938 0.596936 0.801875 0.025753 -0.122712 0.059535 0.990655] 
3d 0 
fr 122780
ts 36625.361496
6d 1 [12 1.000][575.452 -352.007 431.745 -3.4416 -7.0539 -36.9869][0.792727 -0.594658 0.134032 0.597078 0.801768 0.025798 -0.122804 0.059577 0.990641] 
3d 0 
fr 122781
ts 36625.378171
6d 1 [12 1.000][575.452 -352.007 431.745 -3.4416 -7.0539 -36.9869][0.792727 -0.594658 0.134032 0.597078 0.801768 0.025798 -0.122804 0.059577 0.990641] 
3d 0 
fr 122782
ts 36625.394837
6d 1 [12 1.000][575.444 -352.133 431.745 -3.4399 -7.0546 -36.9870][0.792725 -0.594664 0.134023 0.597080 0.801766 0.025828 -0.122814 0.059548 0.990642] 
3d 0 
fr 122783
ts 36625.411511
6d 1 [12 1.000][575.448 -351.999 431.740 -3.4351 -7.0596 -36.9912][0.792673 -0.594729 0.134042 0.597130 0.801724 0.025958 -0.122903 0.059464 0.990636] 
3d 0 
fr 122784
ts 36625.428172
6d 1 [12 1.000][575.448 -351.999 431.740 -3.4351 -7.0596 -36.9912][0.792673 -0.594729 0.134042 0.597130 0.801724 0.025958 -0.122903 0.059464 0.990636] 
3d 0 
fr 122785
ts 36625.444836
6d 1 [12 1.000][575.448 -351.999 431.740 -3.4351 -7.0596 -36.9912][0.792673 -0.594729 0.134042 0.597130 0.801724 0.025958 -0.122903 0.059464 0.990636] 
3d 0 
fr 122786
ts 36625.461496
6d 1 [12 1.000][575.448 -351.999 431.740 -3.4351 -7.0596 -36.9912][0.792673 -0.594729 0.134042 0.597130 0.801724 0.025958 -0.122903 0.059464 0.990636] 
3d 0 
fr 122787
ts 36625.478162
6d 1 [12 1.000][575.448 -351.912 431.739 -3.4360 -7.0595 -36.9921][0.792664 -0.594740 0.134048 0.597143 0.801715 0.025946 -0.122899 0.059480 0.990635] 
3d 0 
fr 122788
ts 36625.494823
6d 1 [12 1.000][575.433 -352.006 431.734 -3.4409 -7.0583 -36.9937][0.792649 -0.594752 0.134082 0.597167 0.801700 0.025870 -0.122880 0.059564 0.990632] 
3d 0 
fr 122789
ts 36625.511477
6d 1 [12 1.000][575.433 -352.006 431.734 -3.4409 -7.0583 -36.9937][0.792649 -0.594752 0.134082 0.597167 0.801700 0.025870 -0.122880 0.059564 0.990632] 
3d 0 
fr 122790
ts 36625.528139
6d 1 [12 1.000][575.438 -352.128 431.747 -3.4396 -7.0574 -36.9933][0.792654 -0.594750 0.134056 0.597163 0.801702 0.025876 -0.122863 0.059542 0.990636] 
3d 0 
fr 122791
ts 36625.544784
6d 1 [12 1.000][575.448 -351.998 431.752 -3.4383 -7.0518 -36.9948][0.792649 -0.594779 0.133964 0.597191 0.801683 0.025841 -0.122767 0.059519 0.990649] 
3d 0 
fr 122792
ts 36625.561444
6d 1 [12 1.000][575.448 -351.998 431.752 -3.4383 -7.0518 -36.9948][0.792649 -0.594779 0.133964 0.597191 0.801683 0.025841 -0.122767 0.059519 0.990649] 
3d 0 
fr 122793
ts 36625.578139
6d 1 [12 1.000][575.448 -351.998 431.752 -3.4383 -7.0518 -36.9948][0.792649 -0.594779 0.133964 0.597191 0.801683 0.025841 -0.122767 0.059519 0.990649] 
3d 0 
fr 122794
ts 36625.594800
6d 1 [12 1.000][575.448 -351.998 431.752 -3.4383 -7.0518 -36.9948][0.792649 -0.594779 0.133964 0.597191 0.801683 0.025841 -0.122767 0.059519 0.990649] 
3d 0 
fr 122795
ts 36625.611485
6d 1 [12 1.000][575.448 -351.998 431.752 -3.4383 -7.0518 -36.9948][0.792649 -0.594779 0.133964 0.597191 0.801683 0.025841 -0.122767 0.059519 0.990649] 
3d 0 
fr 122796
ts 36625.628147
6d 1 [12 1.000][575.448 -351.998 431.752 -3.4383 -7.0518 -36.9948][0.792649 -0.594779 0.133964 0.597191 0.801683 0.025841 -0.122767 0.059519 0.990649] 
3d 0 
fr 122797
ts 36625.644824
6d 1 [12 1.000][575.448 -351.998 431.752 -3.4383 -7.0518 -36.9948][0.792649 -0.594779 0.133964 0.597191 0.801683 0.025841 -0.122767 0.059519 0.990649] 
3d 0 
fr 122798
ts 36625.661486
6d 1 [12 1.000][575.448 -351.998 431.752 -3.4383 -7.0518 -36.9948][0.792649 -0.594779 0.133964 0.597191 0.801683 0.025841 -0.122767 0.059519 0.990649] 
3d 0 
fr 122799
ts 36625.678153
6d 1 [12 1.000][575.455 -351.915 431.752 -3.4387 -7.0506 -36.9950][0.792649 -0.594781 0.133952 0.597195 0.801680 0.025823 -0.122746 0.059527 0.990651] 
3d 0 
fr 122800
ts 36625.694819
6d 1 [12 1.000][575.453 -351.979 431.758 -3.4359 -7.0394 -36.9936][0.792682 -0.594778 0.133770 0.597190 0.801687 0.025742 -0.122552 0.059480 0.990678] 
3d 0 
fr 122801
ts 36625.711483
6d 1 [12 1.000][575.463 -351.968 431.756 -3.4367 -7.0393 -36.9944][0.792675 -0.594787 0.133775 0.597201 0.801679 0.025732 -0.122549 0.059494 0.990678] 
3d 0 
fr 122802
ts 36625.728144
6d 1 [12 1.000][575.449 -351.986 431.755 -3.4389 -7.0356 -36.9956][0.792668 -0.594802 0.133747 0.597223 0.801665 0.025665 -0.122485 0.059533 0.990683] 
3d 0 
fr 122803
ts 36625.744802
6d 1 [12 1.000][575.449 -351.986 431.755 -3.4389 -7.0356 -36.9956][0.792668 -0.594802 0.133747 0.597223 0.801665 0.025665 -0.122485 0.059533 0.990683] 
3d 0 
fr 122804
ts 36625.761460
6d 1 [12 1.000][575.449 -351.986 431.755 -3.4389 -7.0356 -36.9956][0.792668 -0.594802 0.133747 0.597223 0.801665 0.025665 -0.122485 0.059533 0.990683] 
3d 0 
fr 122805
ts 36625.778114
6d 1 [12 1.000][575.449 -351.986 431.755 -3.4389 -7.0356 -36.9956][0.792668 -0.594802 0.133747 0.597223 0.801665 0.025665 -0.122485 0.059533 0.990683] 
3d 0 
fr 122806
ts 36625.794775
6d 1 [12 1.000][575.462 -352.028 431.749 -3.4379 -7.0358 -36.9949][0.792675 -0.594794 0.133740 0.597213 0.801672 0.025680 -0.122490 0.059516 0.990684] 
3d 0 
fr 122807
ts 36625.811418
6d 1 [12 1.000][575.461 -351.994 431.720 -3.4386 -7.0381 -36.9922][0.792699 -0.594754 0.133779 0.597173 0.801701 0.025688 -0.122529 0.059526 0.990678] 
3d 0 
fr 122808
ts 36625.828079
6d 1 [12 1.000][575.450 -352.084 431.692 -3.4385 -7.0385 -36.9911][0.792710 -0.594738 0.133785 0.597157 0.801713 0.025691 -0.122536 0.059525 0.990677] 
3d 0 
fr 122809
ts 36625.844769
6d 1 [12 1.000][575.458 -352.046 431.688 -3.4405 -7.0465 -36.9891][0.792717 -0.594698 0.133916 0.597119 0.801740 0.025742 -0.122674 0.059558 0.990658] 
3d 0 
fr 122810
ts 36625.861430
6d 1 [12 1.000][575.447 -352.040 431.724 -3.4375 -7.0437 -36.9879][0.792734 -0.594691 0.133848 0.597106 0.801749 0.025752 -0.122627 0.059507 0.990667] 
3d 0 
fr 122811
ts 36625.878107
6d 1 [12 1.000][575.456 -352.031 431.746 -3.4419 -7.0504 -36.9806][0.792799 -0.594573 0.133989 0.596996 0.801831 0.025742 -0.122742 0.059582 0.990648] 
3d 0 
fr 122812
ts 36625.894773
6d 1 [12 1.000][575.451 -352.067 431.736 -3.4401 -7.0511 -36.9804][0.792800 -0.594574 0.133979 0.596992 0.801833 0.025775 -0.122754 0.059550 0.990649] 
3d 0 
fr 122813
ts 36625.911448
6d 1 [12 1.000][575.441 -352.090 431.750 -3.4384 -7.0529 -36.9786][0.792816 -0.594551 0.133988 0.596965 0.801852 0.025813 -0.122786 0.059521 0.990647] 
3d 0 
fr 122814
ts 36625.928109
6d 1 [12 1.000][575.433 -352.075 431.744 -3.4287 -7.0550 -36.9773][0.792826 -0.594553 0.133917 0.596944 0.801863 0.025966 -0.122821 0.059354 0.990652] 
3d 0 
fr 122815
ts 36625.944777
6d 1 [12 1.000][575.437 -351.951 431.722 -3.4359 -7.0588 -36.9771][0.792821 -0.594531 0.134044 0.596937 0.801870 0.025906 -0.122887 0.059477 0.990637] 
3d 0 
fr 122816
ts 36625.961438
6d 1 [12 1.000][575.423 -352.058 431.732 -3.4221 -7.0633 -36.9705][0.792882 -0.594467 0.133966 0.596839 0.801935 0.026130 -0.122966 0.059238 0.990641] 
3d 0 
fr 122817
ts 36625.978096
6d 1 [12 1.000][575.423 -352.058 431.732 -3.4221 -7.0633 -36.9705][0.792882 -0.594467 0.133966 0.596839 0.801935 0.026130 -0.122966 0.059238 0.990641] 
3d 0 
fr 122818
ts 36625.994762
6d 1 [12 1.000][575.422 -352.003 431.778 -3.4223 -7.0627 -36.9696][0.792892 -0.594455 0.133960 0.596829 0.801943 0.026119 -0.122955 0.059241 0.990643] 
3d 0 
fr 122819
ts 36626.011413
6d 1 [12 1.000][575.428 -352.016 431.748 -3.4241 -7.0630 -36.9690][0.792898 -0.594442 0.133984 0.596820 0.801951 0.026095 -0.122960 0.059274 0.990640] 
3d 0 
fr 122820
ts 36626.028076
6d 1 [12 1.000][575.413 -352.051 431.748 -3.4272 -7.0610 -36.9619][0.792975 -0.594337 0.133992 0.596724 0.802025 0.026014 -0.122926 0.059327 0.990641] 
3d 0 
fr 122821
ts 36626.044723
6d 1 [12 1.000][575.417 -352.016 431.756 -3.4284 -7.0605 -36.9619][0.792976 -0.594335 0.133997 0.596725 0.802025 0.025993 -0.122918 0.059347 0.990641] 
3d 0 
fr 122822
ts 36626.061384
6d 1 [12 1.000][575.417 -352.050 431.747 -3.4310 -7.0593 -36.9618][0.792979 -0.594328 0.134007 0.596725 0.802026 0.025943 -0.122896 0.059393 0.990641] 
3d 0 
fr 122823
ts 36626.078077
6d 1 [12 1.000][575.417 -352.050 431.747 -3.4310 -7.0593 -36.9618][0.792979 -0.594328 0.134007 0.596725 0.802026 0.025943 -0.122896 0.059393 0.990641] 
3d 0 
fr 122824
ts 36626.094739
6d 1 [12 1.000][575.417 -352.050 431.747 -3.4310 -7.0593 -36.9618][0.792979 -0.594328 0.134007 0.596725 0.802026 0.025943 -0.122896 0.059393 0.990641] 
3d 0 
fr 122825
ts 36626.111423
6d 1 [12 1.000][575.473 -351.884 431.752 -3.4314 -7.0605 -36.9627][0.792968 -0.594339 0.134027 0.596736 0.802018 0.025953 -0.122917 0.059399 0.990638] 
3d 0 
fr 122826
ts 36626.128085
6d 1 [12 1.000][575.445 -352.019 431.742 -3.4312 -7.0681 -36.9652][0.792929 -0.594368 0.134129 0.596760 0.801997 0.026041 -0.123049 0.059395 0.990622] 
3d 0 
fr 122827
ts 36626.144759
6d 1 [12 1.000][575.473 -352.012 431.741 -3.4300 -7.0694 -36.9670][0.792908 -0.594394 0.134133 0.596783 0.801979 0.026075 -0.123071 0.059373 0.990620] 
3d 0 
fr 122828
ts 36626.161424
6d 1 [12 1.000][575.454 -352.010 431.726 -3.4238 -7.0728 -36.9752][0.792817 -0.594521 0.134113 0.596892 0.801893 0.026216 -0.123131 0.059266 0.990619] 
3d 0 
fr 122829
ts 36626.178092
6d 1 [12 1.000][575.467 -351.920 431.731 -3.4235 -7.0728 -36.9770][0.792798 -0.594548 0.134109 0.596918 0.801874 0.026225 -0.123131 0.059261 0.990620] 
3d 0 
fr 122830
ts 36626.194757
6d 1 [12 1.000][575.462 -352.010 431.734 -3.4160 -7.0742 -36.9861][0.792701 -0.594691 0.134047 0.597041 0.801777 0.026365 -0.123155 0.059132 0.990624] 
3d 0 
fr 122831
ts 36626.211418
6d 1 [12 1.000][575.462 -352.010 431.734 -3.4160 -7.0742 -36.9861][0.792701 -0.594691 0.134047 0.597041 0.801777 0.026365 -0.123155 0.059132 0.990624] 
3d 0 
fr 122832
ts 36626.228083
6d 1 [12 1.000][575.462 -352.010 431.734 -3.4160 -7.0742 -36.9861][0.792701 -0.594691 0.134047 0.597041 0.801777 0.026365 -0.123155 0.059132 0.990624] 
3d 0 
fr 122833
ts 36626.244740
6d 1 [12 1.000][575.462 -352.010 431.734 -3.4160 -7.0742 -36.9861][0.792701 -0.594691 0.134047 0.597041 0.801777 0.026365 -0.123155 0.059132 0.990624] 
3d 0 
fr 122834
ts 36626.261402
6d 1 [12 1.000][575.432 -352.023 431.719 -3.4167 -7.0738 -36.9865][0.792697 -0.594695 0.134047 0.597047 0.801773 0.026352 -0.123147 0.059143 0.990624] 
3d 0 
fr 122835
ts 36626.278052
6d 1 [12 1.000][575.445 -352.012 431.713 -3.4231 -7.0739 -36.9880][0.792681 -0.594702 0.134115 0.597069 0.801760 0.026267 -0.123149 0.059255 0.990618] 
3d 0 
fr 122836
ts 36626.294713
6d 1 [12 1.000][575.442 -352.031 431.713 -3.4234 -7.0732 -36.9889][0.792673 -0.594714 0.134108 0.597082 0.801751 0.026259 -0.123138 0.059259 0.990619] 
3d 0 
fr 122837
ts 36626.311357
6d 1 [12 1.000][575.446 -352.015 431.725 -3.4293 -7.0704 -36.9916][0.792650 -0.594740 0.134129 0.597123 0.801723 0.026152 -0.123088 0.059362 0.990619] 
3d 0 
fr 122838
ts 36626.328019
6d 1 [12 1.000][575.445 -352.004 431.825 -3.4300 -7.0686 -36.9919][0.792650 -0.594743 0.134112 0.597129 0.801720 0.026124 -0.123058 0.059375 0.990622] 
3d 0 
fr 122839
ts 36626.344704
6d 1 [12 1.000][575.461 -351.973 431.778 -3.4330 -7.0667 -36.9926][0.792646 -0.594749 0.134116 0.597142 0.801712 0.026064 -0.123024 0.059426 0.990623] 
3d 0 
fr 122840
ts 36626.361367
6d 1 [12 1.000][575.446 -352.014 431.773 -3.4330 -7.0630 -36.9906][0.792673 -0.594724 0.134066 0.597119 0.801731 0.026022 -0.122960 0.059426 0.990631] 
3d 0 
fr 122841
ts 36626.378048
6d 1 [12 1.000][575.453 -351.988 431.796 -3.4358 -7.0603 -36.9914][0.792669 -0.594730 0.134058 0.597133 0.801722 0.025955 -0.122914 0.059476 0.990634] 
3d 0 
fr 122842
ts 36626.394712
6d 1 [12 1.000][575.434 -351.995 431.763 -3.4419 -7.0476 -36.9915][0.792690 -0.594728 0.133946 0.597151 0.801716 0.025739 -0.122694 0.059583 0.990654] 
3d 0 
fr 122843
ts 36626.411387
6d 1 [12 1.000][575.434 -351.995 431.763 -3.4419 -7.0476 -36.9915][0.792690 -0.594728 0.133946 0.597151 0.801716 0.025739 -0.122694 0.059583 0.990654] 
3d 0 
fr 122844
ts 36626.428050
6d 1 [12 1.000][575.434 -351.995 431.763 -3.4419 -7.0476 -36.9915][0.792690 -0.594728 0.133946 0.597151 0.801716 0.025739 -0.122694 0.059583 0.990654] 
3d 0 
fr 122845
ts 36626.444717
6d 1 [12 1.000][575.428 -351.942 431.731 -3.4430 -7.0471 -36.9905][0.792701 -0.594712 0.133950 0.597138 0.801726 0.025716 -0.122684 0.059601 0.990654] 
3d 0 
fr 122846
ts 36626.461378
6d 1 [12 1.000][575.432 -351.984 431.764 -3.4427 -7.0410 -36.9842][0.792777 -0.594630 0.133865 0.597058 0.801788 0.025642 -0.122579 0.059597 0.990668] 
3d 0 
fr 122847
ts 36626.478039
6d 1 [12 1.000][575.432 -351.984 431.764 -3.4427 -7.0410 -36.9842][0.792777 -0.594630 0.133865 0.597058 0.801788 0.025642 -0.122579 0.059597 0.990668] 
3d 0 
fr 122848
ts 36626.494701
6d 1 [12 1.000][575.432 -351.984 431.764 -3.4427 -7.0410 -36.9842][0.792777 -0.594630 0.133865 0.597058 0.801788 0.025642 -0.122579 0.059597 0.990668] 
3d 0 
fr 122849
ts 36626.511355
6d 1 [12 1.000][575.449 -352.030 431.748 -3.4424 -7.0421 -36.9843][0.792775 -0.594630 0.133877 0.597058 0.801788 0.025658 -0.122598 0.059591 0.990666] 
3d 0 
fr 122850
ts 36626.528016
6d 1 [12 1.000][575.439 -352.101 431.741 -3.4404 -7.0432 -36.9827][0.792789 -0.594612 0.133873 0.597034 0.801804 0.025694 -0.122618 0.059557 0.990665] 
3d 0 
fr 122851
ts 36626.544660
6d 1 [12 1.000][575.454 -351.886 431.752 -3.4427 -7.0446 -36.9819][0.792796 -0.594594 0.133916 0.597021 0.801815 0.025674 -0.122641 0.059596 0.990660] 
3d 0 
fr 122852
ts 36626.561325
6d 1 [12 1.000][575.450 -352.002 431.791 -3.4352 -7.0500 -36.9812][0.792793 -0.594598 0.133913 0.597005 0.801821 0.025833 -0.122735 0.059467 0.990656] 
3d 0 
fr 122853
ts 36626.578017
6d 1 [12 1.000][575.450 -352.002 431.791 -3.4352 -7.0500 -36.9812][0.792793 -0.594598 0.133913 0.597005 0.801821 0.025833 -0.122735 0.059467 0.990656] 
3d 0 
fr 122854
ts 36626.594679
6d 1 [12 1.000][575.450 -352.002 431.791 -3.4352 -7.0500 -36.9812][0.792793 -0.594598 0.133913 0.597005 0.801821 0.025833 -0.122735 0.059467 0.990656] 
3d 0 
fr 122855
ts 36626.611364
6d 1 [12 1.000][575.456 -351.948 431.751 -3.4358 -7.0506 -36.9810][0.792794 -0.594593 0.133928 0.597002 0.801824 0.025831 -0.122746 0.059476 0.990654] 
3d 0 
fr 122856
ts 36626.628025
6d 1 [12 1.000][575.456 -352.013 431.750 -3.4330 -7.0537 -36.9776][0.792824 -0.594549 0.133945 0.596950 0.801860 0.025894 -0.122800 0.059429 0.990650] 
3d 0 
fr 122857
ts 36626.644704
6d 1 [12 1.000][575.456 -352.013 431.750 -3.4330 -7.0537 -36.9776][0.792824 -0.594549 0.133945 0.596950 0.801860 0.025894 -0.122800 0.059429 0.990650] 
3d 0 
fr 122858
ts 36626.661366
6d 1 [12 1.000][575.456 -352.013 431.750 -3.4330 -7.0537 -36.9776][0.792824 -0.594549 0.133945 0.596950 0.801860 0.025894 -0.122800 0.059429 0.990650] 
3d 0 
fr 122859
ts 36626.678036
6d 1 [12 1.000][575.456 -352.013 431.750 -3.4330 -7.0537 -36.9776][0.792824 -0.594549 0.133945 0.596950 0.801860 0.025894 -0.122800 0.059429 0.990650] 
3d 0 
fr 122860
ts 36626.694698
6d 1 [12 1.000][575.455 -352.045 431.752 -3.4330 -7.0541 -36.9780][0.792820 -0.594554 0.133949 0.596955 0.801856 0.025899 -0.122806 0.059428 0.990650] 
3d 0 
fr 122861
ts 36626.711363
6d 1 [12 1.000][575.454 -352.016 431.745 -3.4344 -7.0633 -36.9825][0.792757 -0.594606 0.134089 0.597005 0.801816 0.025986 -0.122966 0.059451 0.990629] 
3d 0 
fr 122862
ts 36626.728024
6d 1 [12 1.000][575.420 -352.024 431.742 -3.4341 -7.0633 -36.9820][0.792762 -0.594601 0.134086 0.596999 0.801821 0.025989 -0.122966 0.059446 0.990629] 
3d 0 
fr 122863
ts 36626.744677
6d 1 [12 1.000][575.447 -352.018 431.741 -3.4354 -7.0642 -36.9826][0.792755 -0.594604 0.134111 0.597005 0.801816 0.025981 -0.122981 0.059469 0.990626] 
3d 0 
fr 122864
ts 36626.761342
6d 1 [12 1.000][575.447 -352.018 431.741 -3.4354 -7.0642 -36.9826][0.792755 -0.594604 0.134111 0.597005 0.801816 0.025981 -0.122981 0.059469 0.990626] 
3d 0 
fr 122865
ts 36626.777991
6d 1 [12 1.000][575.447 -352.018 431.741 -3.4354 -7.0642 -36.9826][0.792755 -0.594604 0.134111 0.597005 0.801816 0.025981 -0.122981 0.059469 0.990626] 
3d 0 
fr 122866
ts 36626.794655
6d 1 [12 1.000][575.447 -352.018 431.741 -3.4354 -7.0642 -36.9826][0.792755 -0.594604 0.134111 0.597005 0.801816 0.025981 -0.122981 0.059469 0.990626] 
3d 0 
fr 122867
ts 36626.811298
6d 1 [12 1.000][575.445 -351.977 431.754 -3.4354 -7.0633 -36.9825][0.792757 -0.594604 0.134099 0.597005 0.801817 0.025972 -0.122966 0.059468 0.990628] 
3d 0 
fr 122868
ts 36626.827961
6d 1 [12 1.000][575.441 -351.990 431.765 -3.4304 -7.0568 -36.9830][0.792763 -0.594628 0.133956 0.597021 0.801805 0.025975 -0.122852 0.059383 0.990647] 
3d 0 
fr 122869
ts 36626.844645
6d 1 [12 1.000][575.448 -351.944 431.756 -3.4315 -7.0562 -36.9834][0.792760 -0.594631 0.133959 0.597027 0.801801 0.025955 -0.122842 0.059401 0.990647] 
3d 0 
fr 122870
ts 36626.861313
6d 1 [12 1.000][575.426 -351.986 431.754 -3.4322 -7.0506 -36.9829][0.792775 -0.594627 0.133890 0.597027 0.801803 0.025885 -0.122746 0.059415 0.990658] 
3d 0 
fr 122871
ts 36626.877994
6d 1 [12 1.000][575.426 -351.986 431.754 -3.4322 -7.0506 -36.9829][0.792775 -0.594627 0.133890 0.597027 0.801803 0.025885 -0.122746 0.059415 0.990658] 
3d 0 
fr 122872
ts 36626.894655
6d 1 [12 1.000][575.426 -351.986 431.754 -3.4322 -7.0506 -36.9829][0.792775 -0.594627 0.133890 0.597027 0.801803 0.025885 -0.122746 0.059415 0.990658] 
3d 0 
fr 122873
ts 36626.911329
6d 1 [12 1.000][575.426 -351.986 431.754 -3.4322 -7.0506 -36.9829][0.792775 -0.594627 0.133890 0.597027 0.801803 0.025885 -0.122746 0.059415 0.990658] 
3d 0 
fr 122874
ts 36626.927991
6d 1 [12 1.000][575.424 -351.937 431.680 -3.4335 -7.0509 -36.9835][0.792768 -0.594633 0.133908 0.597036 0.801797 0.025873 -0.122752 0.059437 0.990656] 
3d 0 
fr 122875
ts 36626.944659
6d 1 [12 1.000][575.433 -351.957 431.744 -3.4404 -7.0493 -36.9903][0.792699 -0.594714 0.133954 0.597132 0.801729 0.025775 -0.122723 0.059556 0.990652] 
3d 0 
fr 122876
ts 36626.961321
6d 1 [12 1.000][575.425 -352.121 431.737 -3.4404 -7.0490 -36.9896][0.792707 -0.594704 0.133950 0.597123 0.801736 0.025770 -0.122718 0.059557 0.990653] 
3d 0 
fr 122877
ts 36626.977979
6d 1 [12 1.000][575.437 -352.047 431.732 -3.4444 -7.0514 -36.9875][0.792726 -0.594663 0.134025 0.597090 0.801761 0.025734 -0.122759 0.059625 0.990644] 
3d 0 
fr 122878
ts 36626.994644
6d 1 [12 1.000][575.432 -352.039 431.716 -3.4440 -7.0508 -36.9873][0.792728 -0.594661 0.134014 0.597088 0.801763 0.025733 -0.122749 0.059619 0.990645] 
3d 0 
fr 122879
ts 36627.011298
6d 1 [12 1.000][575.433 -352.039 431.674 -3.4465 -7.0529 -36.9862][0.792736 -0.594638 0.134068 0.597070 0.801777 0.025717 -0.122785 0.059661 0.990638] 
3d 0 
fr 122880
ts 36627.027959
6d 1 [12 1.000][575.428 -352.120 431.696 -3.4441 -7.0534 -36.9846][0.792752 -0.594621 0.134051 0.597048 0.801792 0.025751 -0.122793 0.059620 0.990640] 
3d 0 
fr 122881
ts 36627.044607
6d 1 [12 1.000][575.440 -352.046 431.693 -3.4458 -7.0548 -36.9820][0.792777 -0.594579 0.134091 0.597009 0.801822 0.025737 -0.122819 0.059650 0.990635] 
3d 0 
fr 122882
ts 36627.061268
6d 1 [12 1.000][575.440 -352.046 431.693 -3.4458 -7.0548 -36.9820][0.792777 -0.594579 0.134091 0.597009 0.801822 0.025737 -0.122819 0.059650 0.990635] 
3d 0 
fr 122883
ts 36627.077961
6d 1 [12 1.000][575.440 -352.046 431.693 -3.4458 -7.0548 -36.9820][0.792777 -0.594579 0.134091 0.597009 0.801822 0.025737 -0.122819 0.059650 0.990635] 
3d 0 
fr 122884
ts 36627.094624
6d 1 [12 1.000][575.450 -352.053 431.794 -3.4453 -7.0550 -36.9817][0.792779 -0.594577 0.134088 0.597006 0.801824 0.025746 -0.122823 0.059640 0.990635] 
3d 0 
fr 122885
ts 36627.111308
6d 1 [12 1.000][575.452 -351.961 431.728 -3.4466 -7.0571 -36.9811][0.792782 -0.594563 0.134130 0.596994 0.801832 0.025748 -0.122859 0.059662 0.990629] 
3d 0 
fr 122886
ts 36627.127970
6d 1 [12 1.000][575.452 -352.056 431.750 -3.4453 -7.0548 -36.9808][0.792789 -0.594564 0.134085 0.596993 0.801833 0.025741 -0.122819 0.059640 0.990635] 
3d 0 
fr 122887
ts 36627.144647
6d 1 [12 1.000][575.470 -351.921 431.757 -3.4490 -7.0563 -36.9851][0.792741 -0.594615 0.134142 0.597051 0.801791 0.025715 -0.122845 0.059704 0.990628] 
3d 0 
fr 122888
ts 36627.161310
6d 1 [12 1.000][575.464 -352.042 431.767 -3.4416 -7.0530 -36.9842][0.792757 -0.594621 0.134021 0.597042 0.801796 0.025782 -0.122788 0.059577 0.990643] 
3d 0 
fr 122889
ts 36627.177977
6d 1 [12 1.000][575.462 -352.039 431.735 -3.4463 -7.0569 -36.9831][0.792762 -0.594592 0.134123 0.597022 0.801811 0.025755 -0.122854 0.059657 0.990630] 
3d 0 
fr 122890
ts 36627.194639
6d 1 [12 1.000][575.464 -352.048 431.780 -3.4443 -7.0564 -36.9829][0.792764 -0.594595 0.134095 0.597021 0.801812 0.025776 -0.122846 0.059623 0.990633] 
3d 0 
fr 122891
ts 36627.211307
6d 1 [12 1.000][575.473 -352.037 431.785 -3.4392 -7.0540 -36.9851][0.792746 -0.594639 0.134009 0.597054 0.801785 0.025829 -0.122805 0.059535 0.990643] 
3d 0 
fr 122892
ts 36627.227969
6d 1 [12 1.000][575.473 -352.037 431.785 -3.4392 -7.0540 -36.9851][0.792746 -0.594639 0.134009 0.597054 0.801785 0.025829 -0.122805 0.059535 0.990643] 
3d 0 
fr 122893
ts 36627.244627
6d 1 [12 1.000][575.460 -352.028 431.678 -3.4388 -7.0542 -36.9851][0.792746 -0.594640 0.134008 0.597053 0.801785 0.025836 -0.122809 0.059528 0.990643] 
3d 0 
fr 122894
ts 36627.261288
6d 1 [12 1.000][575.446 -352.044 431.729 -3.4281 -7.0549 -36.9838][0.792758 -0.594646 0.133907 0.597034 0.801795 0.025989 -0.122820 0.059344 0.990653] 
3d 0 
fr 122895
ts 36627.277935
6d 1 [12 1.000][575.447 -351.987 431.679 -3.4299 -7.0554 -36.9837][0.792758 -0.594640 0.133932 0.597033 0.801796 0.025969 -0.122828 0.059375 0.990650] 
3d 0 
fr 122896
ts 36627.294600
6d 1 [12 1.000][575.416 -352.037 431.715 -3.4297 -7.0545 -36.9816][0.792781 -0.594612 0.133919 0.597005 0.801818 0.025959 -0.122814 0.059370 0.990652] 
3d 0 
fr 122897
ts 36627.311242
6d 1 [12 1.000][575.442 -352.001 431.806 -3.4318 -7.0545 -36.9830][0.792767 -0.594626 0.133940 0.597023 0.801805 0.025932 -0.122813 0.059407 0.990650] 
3d 0 
fr 122898
ts 36627.327905
6d 1 [12 1.000][575.489 -351.996 431.749 -3.4349 -7.0560 -36.9814][0.792780 -0.594596 0.133994 0.597001 0.801823 0.025900 -0.122839 0.059461 0.990644] 
3d 0 
fr 122899
ts 36627.344595
6d 1 [12 1.000][575.489 -351.996 431.749 -3.4349 -7.0560 -36.9814][0.792780 -0.594596 0.133994 0.597001 0.801823 0.025900 -0.122839 0.059461 0.990644] 
3d 0 
fr 122900
ts 36627.361258
6d 1 [12 1.000][575.449 -352.101 431.734 -3.4338 -7.0555 -36.9817][0.792778 -0.594603 0.133976 0.597005 0.801819 0.025911 -0.122832 0.059442 0.990646] 
3d 0 
fr 122901
ts 36627.377934
6d 1 [12 1.000][575.457 -352.035 431.744 -3.4328 -7.0540 -36.9827][0.792771 -0.594620 0.133943 0.597020 0.801808 0.025913 -0.122805 0.059424 0.990650] 
3d 0 
fr 122902
ts 36627.394600
6d 1 [12 1.000][575.450 -352.047 431.813 -3.4335 -7.0517 -36.9820][0.792782 -0.594611 0.133919 0.597013 0.801814 0.025878 -0.122765 0.059436 0.990654] 
3d 0 
fr 122903
ts 36627.411272
6d 1 [12 1.000][575.458 -351.915 431.761 -3.4349 -7.0499 -36.9824][0.792781 -0.594615 0.133908 0.597022 0.801809 0.025839 -0.122733 0.059461 0.990657] 
3d 0 
fr 122904
ts 36627.427936
6d 1 [12 1.000][575.446 -352.013 431.756 -3.4374 -7.0374 -36.9809][0.792818 -0.594599 0.133763 0.597017 0.801818 0.025672 -0.122518 0.059506 0.990681] 
3d 0 
fr 122905
ts 36627.444605
6d 1 [12 1.000][575.451 -351.934 431.746 -3.4390 -7.0366 -36.9817][0.792811 -0.594606 0.133768 0.597029 0.801810 0.025643 -0.122504 0.059533 0.990681] 
3d 0 
fr 122906
ts 36627.461266
6d 1 [12 1.000][575.442 -352.025 431.750 -3.4442 -7.0283 -36.9825][0.792816 -0.594613 0.133707 0.597051 0.801798 0.025486 -0.122360 0.059625 0.990693] 
3d 0 
fr 122907
ts 36627.477928
6d 1 [12 1.000][575.442 -352.025 431.750 -3.4442 -7.0283 -36.9825][0.792816 -0.594613 0.133707 0.597051 0.801798 0.025486 -0.122360 0.059625 0.990693] 
3d 0 
fr 122908
ts 36627.494589
6d 1 [12 1.000][575.430 -352.042 431.744 -3.4427 -7.0282 -36.9830][0.792812 -0.594622 0.133690 0.597057 0.801793 0.025506 -0.122358 0.059599 0.990695] 
3d 0 
fr 122909
ts 36627.511244
6d 1 [12 1.000][575.437 -352.026 431.746 -3.4400 -7.0293 -36.9864][0.792774 -0.594676 0.133675 0.597104 0.801757 0.025562 -0.122376 0.059553 0.990695] 
3d 0 
fr 122910
ts 36627.527907
6d 1 [12 1.000][575.418 -352.122 431.747 -3.4388 -7.0285 -36.9860][0.792780 -0.594673 0.133653 0.597099 0.801760 0.025571 -0.122364 0.059532 0.990698] 
3d 0 
fr 122911
ts 36627.544553
6d 1 [12 1.000][575.415 -352.042 431.731 -3.4341 -7.0289 -36.9846][0.792794 -0.594665 0.133609 0.597079 0.801773 0.025637 -0.122370 0.059450 0.990702] 
3d 0 
fr 122912
ts 36627.561214
6d 1 [12 1.000][575.415 -352.042 431.731 -3.4341 -7.0289 -36.9846][0.792794 -0.594665 0.133609 0.597079 0.801773 0.025637 -0.122370 0.059450 0.990702] 
3d 0 
fr 122913
ts 36627.577907
6d 1 [12 1.000][575.415 -352.042 431.731 -3.4341 -7.0289 -36.9846][0.792794 -0.594665 0.133609 0.597079 0.801773 0.025637 -0.122370 0.059450 0.990702] 
3d 0 
fr 122914
ts 36627.594570
6d 1 [12 1.000][575.415 -352.042 431.731 -3.4341 -7.0289 -36.9846][0.792794 -0.594665 0.133609 0.597079 0.801773 0.025637 -0.122370 0.059450 0.990702] 
3d 0 
fr 122915
ts 36627.611254
6d 1 [12 1.000][575.453 -352.050 431.776 -3.4333 -7.0297 -36.9846][0.792793 -0.594666 0.133612 0.597078 0.801773 0.025657 -0.122384 0.059436 0.990702] 
3d 0 
fr 122916
ts 36627.627916
6d 1 [12 1.000][575.426 -352.049 431.729 -3.4250 -7.0361 -36.9835][0.792793 -0.594665 0.133615 0.597055 0.801784 0.025838 -0.122495 0.059292 0.990696] 
3d 0 
fr 122917
ts 36627.644590
6d 1 [12 1.000][575.461 -351.924 431.727 -3.4260 -7.0364 -36.9846][0.792781 -0.594678 0.133629 0.597070 0.801773 0.025830 -0.122500 0.059308 0.990695] 
3d 0 
fr 122918
ts 36627.661255
6d 1 [12 1.000][575.433 -352.043 431.722 -3.4257 -7.0378 -36.9874][0.792750 -0.594716 0.133644 0.597106 0.801745 0.025854 -0.122524 0.059304 0.990692] 
3d 0 
fr 122919
ts 36627.677928
6d 1 [12 1.000][575.443 -351.971 431.720 -3.4264 -7.0390 -36.9880][0.792741 -0.594722 0.133667 0.597113 0.801740 0.025858 -0.122544 0.059316 0.990689] 
3d 0 
fr 122920
ts 36627.694589
6d 1 [12 1.000][575.436 -352.032 431.716 -3.4272 -7.0416 -36.9895][0.792721 -0.594739 0.133710 0.597130 0.801727 0.025877 -0.122589 0.059329 0.990683] 
3d 0 
fr 122921
ts 36627.711253
6d 1 [12 1.000][575.436 -352.032 431.716 -3.4272 -7.0416 -36.9895][0.792721 -0.594739 0.133710 0.597130 0.801727 0.025877 -0.122589 0.059329 0.990683] 
3d 0 
fr 122922
ts 36627.727916
6d 1 [12 1.000][575.436 -352.032 431.716 -3.4272 -7.0416 -36.9895][0.792721 -0.594739 0.133710 0.597130 0.801727 0.025877 -0.122589 0.059329 0.990683] 
3d 0 
fr 122923
ts 36627.744571
6d 1 [12 1.000][575.445 -351.926 431.756 -3.4276 -7.0429 -36.9885][0.792729 -0.594724 0.133734 0.597116 0.801738 0.025883 -0.122613 0.059337 0.990679] 
3d 0 
fr 122924
ts 36627.761236
6d 1 [12 1.000][575.440 -352.088 431.776 -3.4251 -7.0444 -36.9870][0.792743 -0.594706 0.133729 0.597092 0.801754 0.025931 -0.122639 0.059292 0.990679] 
3d 0 
fr 122925
ts 36627.777886
6d 1 [12 1.000][575.443 -352.031 431.762 -3.4256 -7.0470 -36.9865][0.792743 -0.594696 0.133771 0.597082 0.801761 0.025950 -0.122684 0.059301 0.990673] 
3d 0 
fr 122926
ts 36627.794549
6d 1 [12 1.000][575.442 -352.022 431.744 -3.4223 -7.0554 -36.9794][0.792803 -0.594597 0.133856 0.596973 0.801838 0.026066 -0.122830 0.059243 0.990658] 
3d 0 
fr 122927
ts 36627.811192
6d 1 [12 1.000][575.442 -352.022 431.744 -3.4223 -7.0554 -36.9794][0.792803 -0.594597 0.133856 0.596973 0.801838 0.026066 -0.122830 0.059243 0.990658] 
3d 0 
fr 122928
ts 36627.827853
6d 1 [12 1.000][575.430 -352.042 431.741 -3.4224 -7.0553 -36.9784][0.792813 -0.594584 0.133856 0.596959 0.801848 0.026060 -0.122827 0.059245 0.990658] 
3d 0 
fr 122929
ts 36627.844541
6d 1 [12 1.000][575.431 -352.014 431.734 -3.4251 -7.0566 -36.9745][0.792852 -0.594521 0.133904 0.596903 0.801891 0.026028 -0.122850 0.059291 0.990653] 
3d 0 
fr 122930
ts 36627.861206
6d 1 [12 1.000][575.431 -352.014 431.734 -3.4251 -7.0566 -36.9745][0.792852 -0.594521 0.133904 0.596903 0.801891 0.026028 -0.122850 0.059291 0.990653] 
3d 0 
fr 122931
ts 36627.877882
6d 1 [12 1.000][575.431 -352.014 431.734 -3.4251 -7.0566 -36.9745][0.792852 -0.594521 0.133904 0.596903 0.801891 0.026028 -0.122850 0.059291 0.990653] 
3d 0 
fr 122932
ts 36627.894548
6d 1 [12 1.000][575.431 -352.014 431.734 -3.4251 -7.0566 -36.9745][0.792852 -0.594521 0.133904 0.596903 0.801891 0.026028 -0.122850 0.059291 0.990653] 
3d 0 
fr 122933
ts 36627.911224
6d 1 [12 1.000][575.431 -352.014 431.734 -3.4251 -7.0566 -36.9745][0.792852 -0.594521 0.133904 0.596903 0.801891 0.026028 -0.122850 0.059291 0.990653] 
3d 0 
fr 122934
ts 36627.927885
6d 1 [12 1.000][575.427 -352.133 431.738 -3.4254 -7.0564 -36.9750][0.792847 -0.594528 0.133903 0.596910 0.801886 0.026023 -0.122846 0.059296 0.990653] 
3d 0 
fr 122935
ts 36627.944552
6d 1 [12 1.000][575.429 -352.038 431.742 -3.4325 -7.0564 -36.9803][0.792792 -0.594585 0.133975 0.596984 0.801834 0.025936 -0.122847 0.059419 0.990645] 
3d 0 
fr 122936
ts 36627.961217
6d 1 [12 1.000][575.437 -352.041 431.747 -3.4311 -7.0567 -36.9813][0.792781 -0.594603 0.133963 0.596997 0.801823 0.025960 -0.122851 0.059395 0.990646] 
3d 0 
fr 122937
ts 36627.977877
6d 1 [12 1.000][575.438 -352.032 431.740 -3.4291 -7.0589 -36.9846][0.792742 -0.594652 0.133973 0.597041 0.801789 0.026019 -0.122890 0.059361 0.990643] 
3d 0 
fr 122938
ts 36627.994540
6d 1 [12 1.000][575.430 -352.092 431.740 -3.4280 -7.0594 -36.9845][0.792743 -0.594653 0.133968 0.597039 0.801790 0.026039 -0.122898 0.059342 0.990644] 
3d 0 
fr 122939
ts 36628.011193
6d 1 [12 1.000][575.432 -352.045 431.728 -3.4247 -7.0633 -36.9865][0.792715 -0.594685 0.133986 0.597061 0.801770 0.026132 -0.122966 0.059283 0.990639] 
3d 0 
fr 122940
ts 36628.027855
6d 1 [12 1.000][575.432 -352.045 431.728 -3.4247 -7.0633 -36.9865][0.792715 -0.594685 0.133986 0.597061 0.801770 0.026132 -0.122966 0.059283 0.990639] 
3d 0 
fr 122941
ts 36628.044502
6d 1 [12 1.000][575.417 -352.102 431.693 -3.4248 -7.0655 -36.9856][0.792721 -0.594670 0.134018 0.597045 0.801781 0.026149 -0.123003 0.059286 0.990634] 
3d 0 
fr 122942
ts 36628.061163
6d 1 [12 1.000][575.414 -352.081 431.708 -3.4217 -7.0751 -36.9802][0.792761 -0.594594 0.134121 0.596959 0.801841 0.026282 -0.123170 0.059229 0.990616] 
3d 0 
fr 122943
ts 36628.077853
6d 1 [12 1.000][575.414 -352.081 431.708 -3.4217 -7.0751 -36.9802][0.792761 -0.594594 0.134121 0.596959 0.801841 0.026282 -0.123170 0.059229 0.990616] 
3d 0 
fr 122944
ts 36628.094517
6d 1 [12 1.000][575.419 -352.076 431.843 -3.4214 -7.0676 -36.9803][0.792772 -0.594602 0.134014 0.596970 0.801836 0.026207 -0.123040 0.059226 0.990633] 
3d 0 
fr 122945
ts 36628.111204
6d 1 [12 1.000][575.415 -352.068 431.772 -3.4225 -7.0665 -36.9805][0.792772 -0.594604 0.134009 0.596974 0.801833 0.026182 -0.123021 0.059244 0.990634] 
3d 0 
fr 122946
ts 36628.127864
6d 1 [12 1.000][575.398 -352.076 431.718 -3.4222 -7.0627 -36.9795][0.792789 -0.594594 0.133955 0.596966 0.801841 0.026144 -0.122956 0.059240 0.990642] 
3d 0 
fr 122947
ts 36628.144544
6d 1 [12 1.000][575.400 -352.044 431.737 -3.4241 -7.0663 -36.9795][0.792783 -0.594586 0.134024 0.596960 0.801844 0.026153 -0.123017 0.059273 0.990633] 
3d 0 
fr 122948
ts 36628.161205
6d 1 [12 1.000][575.400 -352.062 431.743 -3.4232 -7.0524 -36.9803][0.792799 -0.594611 0.133823 0.596989 0.801827 0.026025 -0.122777 0.059259 0.990663] 
3d 0 
fr 122949
ts 36628.177878
6d 1 [12 1.000][575.407 -351.916 431.736 -3.4241 -7.0524 -36.9813][0.792788 -0.594623 0.133831 0.597003 0.801817 0.026014 -0.122776 0.059274 0.990663] 
3d 0 
fr 122950
ts 36628.194536
6d 1 [12 1.000][575.408 -351.955 431.735 -3.4249 -7.0501 -36.9841][0.792763 -0.594662 0.133807 0.597045 0.801787 0.025986 -0.122737 0.059288 0.990667] 
3d 0 
fr 122951
ts 36628.211204
6d 1 [12 1.000][575.413 -351.965 431.725 -3.4301 -7.0512 -36.9845][0.792757 -0.594655 0.133875 0.597049 0.801785 0.025925 -0.122755 0.059378 0.990659] 
3d 0 
fr 122952
ts 36628.227865
6d 1 [12 1.000][575.415 -351.974 431.734 -3.4307 -7.0464 -36.9857][0.792752 -0.594674 0.133815 0.597072 0.801770 0.025869 -0.122673 0.059390 0.990669] 
3d 0 
fr 122953
ts 36628.244523
6d 1 [12 1.000][575.419 -351.978 431.736 -3.4367 -7.0474 -36.9856][0.792752 -0.594658 0.133891 0.597070 0.801775 0.025795 -0.122690 0.059493 0.990660] 
3d 0 
fr 122954
ts 36628.261185
6d 1 [12 1.000][575.418 -351.987 431.740 -3.4413 -7.0420 -36.9941][0.792673 -0.594770 0.133862 0.597193 0.801686 0.025695 -0.122598 0.059574 0.990667] 
3d 0 
fr 122955
ts 36628.277836
6d 1 [12 1.000][575.418 -351.987 431.740 -3.4413 -7.0420 -36.9941][0.792673 -0.594770 0.133862 0.597193 0.801686 0.025695 -0.122598 0.059574 0.990667] 
3d 0 
fr 122956
ts 36628.294498
6d 1 [12 1.000][575.418 -351.987 431.740 -3.4413 -7.0420 -36.9941][0.792673 -0.594770 0.133862 0.597193 0.801686 0.025695 -0.122598 0.059574 0.990667] 
3d 0 
fr 122957
ts 36628.311142
6d 1 [12 1.000][575.418 -351.987 431.740 -3.4413 -7.0420 -36.9941][0.792673 -0.594770 0.133862 0.597193 0.801686 0.025695 -0.122598 0.059574 0.990667] 
3d 0 
fr 122958
ts 36628.327803
6d 1 [12 1.000][575.418 -351.987 431.740 -3.4413 -7.0420 -36.9941][0.792673 -0.594770 0.133862 0.597193 0.801686 0.025695 -0.122598 0.059574 0.990667] 
3d 0 
fr 122959
ts 36628.344490
6d 1 [12 1.000][575.450 -352.116 431.755 -3.4407 -7.0420 -36.9944][0.792669 -0.594776 0.133855 0.597198 0.801682 0.025704 -0.122597 0.059563 0.990668] 
3d 0 
fr 122960
ts 36628.361156
6d 1 [12 1.000][575.369 -352.142 431.705 -3.4388 -7.0410 -36.9934][0.792682 -0.594766 0.133821 0.597185 0.801691 0.025717 -0.122579 0.059531 0.990672] 
3d 0 
fr 122961
ts 36628.377833
6d 1 [12 1.000][575.444 -351.962 431.740 -3.4413 -7.0433 -36.9954][0.792657 -0.594787 0.133878 0.597210 0.801673 0.025711 -0.122619 0.059573 0.990664] 
3d 0 
fr 122962
ts 36628.394498
6d 1 [12 1.000][575.419 -352.062 431.718 -3.4387 -7.0433 -36.9946][0.792665 -0.594782 0.133851 0.597199 0.801680 0.025746 -0.122619 0.059528 0.990667] 
3d 0 
fr 122963
ts 36628.411174
6d 1 [12 1.000][575.436 -352.030 431.736 -3.4427 -7.0448 -36.9924][0.792686 -0.594740 0.133915 0.597166 0.801706 0.025701 -0.122646 0.059596 0.990660] 
3d 0 
fr 122964
ts 36628.427836
6d 1 [12 1.000][575.400 -352.040 431.729 -3.4350 -7.0475 -36.9910][0.792695 -0.594737 0.133873 0.597144 0.801718 0.025833 -0.122692 0.059464 0.990662] 
3d 0 
fr 122965
ts 36628.444500
6d 1 [12 1.000][575.431 -351.898 431.717 -3.4445 -7.0573 -36.9950][0.792637 -0.594763 0.134105 0.597187 0.801687 0.025812 -0.122862 0.059626 0.990631] 
3d 0 
fr 122966
ts 36628.461165
6d 1 [12 1.000][575.475 -352.006 431.731 -3.4393 -7.0517 -36.9931][0.792667 -0.594752 0.133975 0.597167 0.801701 0.025822 -0.122765 0.059537 0.990648] 
3d 0 
fr 122967
ts 36628.477827
6d 1 [12 1.000][575.475 -352.006 431.731 -3.4393 -7.0517 -36.9931][0.792667 -0.594752 0.133975 0.597167 0.801701 0.025822 -0.122765 0.059537 0.990648] 
3d 0 
fr 122968
ts 36628.494489
6d 1 [12 1.000][575.475 -352.006 431.731 -3.4393 -7.0517 -36.9931][0.792667 -0.594752 0.133975 0.597167 0.801701 0.025822 -0.122765 0.059537 0.990648] 
3d 0 
fr 122969
ts 36628.511141
6d 1 [12 1.000][575.475 -352.006 431.731 -3.4393 -7.0517 -36.9931][0.792667 -0.594752 0.133975 0.597167 0.801701 0.025822 -0.122765 0.059537 0.990648] 
3d 0 
fr 122970
ts 36628.527805
6d 1 [12 1.000][575.475 -352.006 431.731 -3.4393 -7.0517 -36.9931][0.792667 -0.594752 0.133975 0.597167 0.801701 0.025822 -0.122765 0.059537 0.990648] 
3d 0 
fr 122971
ts 36628.544453
6d 1 [12 1.000][575.475 -352.006 431.731 -3.4393 -7.0517 -36.9931][0.792667 -0.594752 0.133975 0.597167 0.801701 0.025822 -0.122765 0.059537 0.990648] 
3d 0 
fr 122972
ts 36628.561115
6d 1 [12 1.000][575.475 -352.006 431.731 -3.4393 -7.0517 -36.9931][0.792667 -0.594752 0.133975 0.597167 0.801701 0.025822 -0.122765 0.059537 0.990648] 
3d 0 
fr 122973
ts 36628.577807
6d 1 [12 1.000][575.465 -352.026 431.745 -3.4388 -7.0337 -37.0022][0.792602 -0.594896 0.133718 0.597316 0.801595 0.025662 -0.122454 0.059532 0.990687] 
3d 0 
fr 122974
ts 36628.594470
6d 1 [12 1.000][575.524 -352.111 431.779 -3.4357 -7.0156 -37.0149][0.792501 -0.595096 0.133429 0.597516 0.801450 0.025547 -0.122140 0.059480 0.990729] 
3d 0 
fr 122975
ts 36628.611156
6d 1 [12 1.000][575.546 -352.163 431.762 -3.4318 -6.9943 -37.0312][0.792367 -0.595350 0.133088 0.597768 0.801266 0.025418 -0.121771 0.059416 0.990778] 
3d 0 
fr 122976
ts 36628.627817
6d 1 [12 1.000][575.530 -352.088 431.792 -3.4264 -6.9790 -37.0451][0.792248 -0.595570 0.132814 0.597980 0.801110 0.025367 -0.121506 0.059323 0.990816] 
3d 0 
fr 122977
ts 36628.644494
6d 1 [12 1.000][575.500 -352.016 431.768 -3.4233 -7.0314 -37.0082][0.792543 -0.595019 0.133521 0.597403 0.801524 0.025870 -0.122414 0.059263 0.990708] 
3d 0 
fr 122978
ts 36628.661157
6d 1 [12 1.000][575.447 -352.062 431.711 -3.4211 -7.0589 -36.9838][0.792751 -0.594659 0.133889 0.597029 0.801794 0.026129 -0.122889 0.059222 0.990652] 
3d 0 
fr 122979
ts 36628.677829
6d 1 [12 1.000][575.470 -352.060 431.756 -3.4201 -7.0280 -36.9814][0.792828 -0.594654 0.133454 0.597036 0.801799 0.025817 -0.122355 0.059208 0.990719] 
3d 0 
fr 122980
ts 36628.694491
6d 1 [12 1.000][575.460 -352.019 431.751 -3.4218 -7.0717 -36.9917][0.792647 -0.594757 0.134070 0.597122 0.801720 0.026272 -0.123112 0.059232 0.990624] 
3d 0 
fr 122981
ts 36628.711156
6d 1 [12 1.000][575.473 -351.946 431.755 -3.4197 -7.0505 -37.0147][0.792443 -0.595102 0.133744 0.597467 0.801467 0.026134 -0.122744 0.059198 0.990671] 
3d 0 
fr 122982
ts 36628.727819
6d 1 [12 1.000][575.424 -352.040 431.707 -3.4162 -7.0941 -36.9567][0.792973 -0.594262 0.134336 0.596609 0.802094 0.026500 -0.123498 0.059132 0.990581] 
3d 0 
fr 122983
ts 36628.744475
6d 1 [12 1.000][575.442 -351.993 431.750 -3.4175 -7.0516 -36.9955][0.792641 -0.594837 0.133746 0.597201 0.801666 0.026132 -0.122763 0.059160 0.990671] 
3d 0 
fr 122984
ts 36628.761138
6d 1 [12 1.000][575.411 -352.030 431.734 -3.4210 -7.0732 -36.9771][0.792796 -0.594554 0.134089 0.596918 0.801872 0.026263 -0.123137 0.059219 0.990621] 
3d 0 
fr 122985
ts 36628.777789
6d 1 [12 1.000][575.424 -352.026 431.727 -3.4205 -7.0288 -37.0010][0.792623 -0.594927 0.133459 0.597307 0.801596 0.025865 -0.122368 0.059215 0.990717] 
3d 0 
fr 122986
ts 36628.794451
6d 1 [12 1.000][575.401 -352.126 431.675 -3.4274 -7.0441 -36.9709][0.792911 -0.594476 0.133756 0.596869 0.801922 0.025857 -0.122633 0.059332 0.990677] 
3d 0 
fr 122987
ts 36628.811091
6d 1 [12 1.000][575.433 -352.033 431.708 -3.4211 -7.0338 -37.0005][0.792620 -0.594913 0.133536 0.597292 0.801605 0.025907 -0.122456 0.059226 0.990705] 
3d 0 
fr 122988
ts 36628.827757
6d 1 [12 1.000][575.425 -352.033 431.675 -3.4219 -7.0360 -36.9988][0.792633 -0.594887 0.133574 0.597267 0.801624 0.025915 -0.122493 0.059238 0.990700] 
3d 0 
fr 122989
ts 36628.844441
6d 1 [12 1.000][575.439 -352.014 431.699 -3.4245 -7.0468 -36.9897][0.792711 -0.594743 0.133755 0.597126 0.801727 0.025969 -0.122680 0.059283 0.990674] 
3d 0 
fr 122990
ts 36628.861107
6d 1 [12 1.000][575.439 -352.014 431.699 -3.4245 -7.0468 -36.9897][0.792711 -0.594743 0.133755 0.597126 0.801727 0.025969 -0.122680 0.059283 0.990674] 
3d 0 
fr 122991
ts 36628.877789
6d 1 [12 1.000][575.452 -352.001 431.704 -3.4253 -7.0489 -36.9881][0.792723 -0.594718 0.133793 0.597102 0.801745 0.025977 -0.122717 0.059296 0.990669] 
3d 0 
fr 122992
ts 36628.894451
6d 1 [12 1.000][575.426 -352.008 431.691 -3.4314 -7.0640 -36.9789][0.792793 -0.594562 0.134069 0.596955 0.801853 0.026027 -0.122978 0.059399 0.990630] 
3d 0 
fr 122993
ts 36628.911123
6d 1 [12 1.000][575.370 -351.963 431.617 -3.4318 -7.0659 -36.9784][0.792795 -0.594553 0.134100 0.596946 0.801859 0.026039 -0.123011 0.059407 0.990626] 
3d 0 
fr 122994
ts 36628.927788
6d 1 [12 1.000][575.325 -352.147 431.635 -3.4319 -7.0684 -36.9752][0.792824 -0.594506 0.134135 0.596898 0.801894 0.026057 -0.123053 0.059406 0.990620] 
3d 0 
fr 122995
ts 36628.944455
6d 1 [12 1.000][575.388 -352.072 431.664 -3.4297 -7.0674 -36.9746][0.792833 -0.594503 0.134101 0.596890 0.801899 0.026076 -0.123037 0.059370 0.990625] 
3d 0 
fr 122996
ts 36628.961119
6d 1 [12 1.000][575.318 -352.181 431.656 -3.4264 -7.0714 -36.9666][0.792908 -0.594396 0.134125 0.596776 0.801982 0.026145 -0.123107 0.059312 0.990619] 
3d 0 
fr 122997
ts 36628.977780
6d 1 [12 1.000][575.385 -352.084 431.772 -3.4224 -7.0663 -36.9681][0.792902 -0.594431 0.134012 0.596803 0.801962 0.026152 -0.123018 0.059243 0.990635] 
3d 0 
fr 122998
ts 36628.994442
6d 1 [12 1.000][575.432 -352.037 431.768 -3.4222 -7.0502 -36.9671][0.792940 -0.594430 0.133788 0.596809 0.801962 0.025984 -0.122738 0.059242 0.990669] 
3d 0 
fr 122999
ts 36629.011094
6d 1 [12 1.000][575.530 -351.898 431.750 -3.4232 -7.0460 -36.9946][0.792661 -0.594816 0.133728 0.597195 0.801675 0.025992 -0.122666 0.059259 0.990677] 
3d 0 
fr 123000
ts 36629.027758
6d 1 [12 1.000][575.438 -352.043 431.658 -3.4262 -7.0601 -36.9728][0.792864 -0.594492 0.133964 0.596875 0.801911 0.026045 -0.122911 0.059310 0.990644] 
3d 0 
fr 123001
ts 36629.044407
6d 1 [12 1.000][575.453 -351.989 431.727 -3.4266 -7.0446 -36.9908][0.792702 -0.594756 0.133746 0.597145 0.801715 0.025920 -0.122642 0.059319 0.990677] 
3d 0 
fr 123002
ts 36629.061069
6d 1 [12 1.000][575.409 -352.024 431.698 -3.4296 -7.0554 -36.9745][0.792854 -0.594512 0.133933 0.596905 0.801892 0.025953 -0.122829 0.059369 0.990650] 
3d 0 
fr 123003
ts 36629.077705
6d 1 [12 1.000][575.422 -352.035 431.713 -3.4250 -7.0562 -36.9754][0.792843 -0.594535 0.133896 0.596917 0.801881 0.026027 -0.122842 0.059290 0.990654] 
3d 0 
fr 123004
ts 36629.094371
6d 1 [12 1.000][575.422 -352.035 431.713 -3.4250 -7.0562 -36.9754][0.792843 -0.594535 0.133896 0.596917 0.801881 0.026027 -0.122842 0.059290 0.990654] 
3d 0 
fr 123005
ts 36629.111053
6d 1 [12 1.000][575.408 -352.020 431.587 -3.4257 -7.0570 -36.9756][0.792839 -0.594535 0.133915 0.596919 0.801880 0.026026 -0.122857 0.059302 0.990651] 
3d 0 
fr 123006
ts 36629.127718
6d 1 [12 1.000][575.306 -352.180 431.613 -3.4248 -7.0640 -36.9724][0.792860 -0.594487 0.134003 0.596866 0.801916 0.026105 -0.122979 0.059284 0.990637] 
3d 0 
fr 123007
ts 36629.144398
6d 1 [12 1.000][575.391 -352.042 431.673 -3.4260 -7.0637 -36.9705][0.792881 -0.594458 0.134012 0.596839 0.801937 0.026080 -0.122973 0.059305 0.990636] 
3d 0 
fr 123008
ts 36629.161060
6d 1 [12 1.000][575.390 -352.095 431.679 -3.4246 -7.0649 -36.9694][0.792891 -0.594445 0.134015 0.596822 0.801948 0.026110 -0.122994 0.059281 0.990635] 
3d 0 
fr 123009
ts 36629.177728
6d 1 [12 1.000][575.394 -352.051 431.688 -3.4200 -7.0715 -36.9649][0.792926 -0.594387 0.134061 0.596752 0.801997 0.026232 -0.123108 0.059201 0.990626] 
3d 0 
fr 123010
ts 36629.194394
6d 1 [12 1.000][575.394 -352.051 431.688 -3.4200 -7.0715 -36.9649][0.792926 -0.594387 0.134061 0.596752 0.801997 0.026232 -0.123108 0.059201 0.990626] 
3d 0 
fr 123011
ts 36629.211058
6d 1 [12 1.000][575.481 -351.940 431.785 -3.4196 -7.0709 -36.9662][0.792913 -0.594407 0.134047 0.596771 0.801983 0.026234 -0.123097 0.059194 0.990628] 
3d 0 
fr 123012
ts 36629.227717
6d 1 [12 1.000][575.394 -352.030 431.700 -3.4159 -7.0708 -36.9694][0.792881 -0.594460 0.134006 0.596815 0.801948 0.026292 -0.123096 0.059131 0.990632] 
3d 0 
fr 123013
ts 36629.244379
6d 1 [12 1.000][575.398 -352.044 431.706 -3.4166 -7.0704 -36.9704][0.792870 -0.594473 0.134007 0.596830 0.801937 0.026282 -0.123089 0.059142 0.990632] 
3d 0 
fr 123014
ts 36629.261040
6d 1 [12 1.000][575.390 -352.137 431.695 -3.4178 -7.0710 -36.9708][0.792866 -0.594475 0.134027 0.596833 0.801935 0.026271 -0.123099 0.059163 0.990629] 
3d 0 
fr 123015
ts 36629.277689
6d 1 [12 1.000][575.404 -352.047 431.697 -3.4197 -7.0695 -36.9787][0.792786 -0.594582 0.134023 0.596945 0.801853 0.026247 -0.123072 0.059196 0.990631] 
3d 0 
fr 123016
ts 36629.294354
6d 1 [12 1.000][575.388 -352.169 431.623 -3.4202 -7.0703 -36.9782][0.792790 -0.594573 0.134040 0.596937 0.801859 0.026247 -0.123087 0.059205 0.990628] 
3d 0 
fr 123017
ts 36629.310999
6d 1 [12 1.000][575.395 -352.065 431.685 -3.4234 -7.0712 -36.9782][0.792788 -0.594566 0.134085 0.596936 0.801860 0.026212 -0.123102 0.059260 0.990623] 
3d 0 
fr 123018
ts 36629.327660
6d 1 [12 1.000][575.396 -352.103 431.675 -3.4235 -7.0717 -36.9779][0.792791 -0.594560 0.134094 0.596931 0.801864 0.026215 -0.123111 0.059261 0.990622] 
3d 0 
fr 123019
ts 36629.344350
6d 1 [12 1.000][575.413 -352.065 431.690 -3.4235 -7.0731 -36.9785][0.792782 -0.594567 0.134113 0.596937 0.801859 0.026231 -0.123136 0.059262 0.990619] 
3d 0 
fr 123020
ts 36629.361010
6d 1 [12 1.000][575.393 -352.113 431.681 -3.4235 -7.0736 -36.9779][0.792788 -0.594559 0.134119 0.596928 0.801865 0.026235 -0.123144 0.059261 0.990618] 
3d 0 
fr 123021
ts 36629.377695
6d 1 [12 1.000][575.400 -352.074 431.694 -3.4230 -7.0746 -36.9773][0.792792 -0.594551 0.134128 0.596919 0.801872 0.026251 -0.123162 0.059252 0.990616] 
3d 0 
fr 123022
ts 36629.394356
6d 1 [12 1.000][575.400 -352.074 431.694 -3.4230 -7.0746 -36.9773][0.792792 -0.594551 0.134128 0.596919 0.801872 0.026251 -0.123162 0.059252 0.990616] 
3d 0 
fr 123023
ts 36629.411032
6d 1 [12 1.000][575.408 -351.959 431.703 -3.4237 -7.0732 -36.9779][0.792788 -0.594558 0.134116 0.596929 0.801865 0.026228 -0.123137 0.059264 0.990619] 
3d 0 
fr 123024
ts 36629.427695
6d 1 [12 1.000][575.396 -352.033 431.690 -3.4276 -7.0684 -36.9780][0.792795 -0.594555 0.134090 0.596936 0.801863 0.026124 -0.123054 0.059332 0.990625] 
3d 0 
fr 123025
ts 36629.444362
6d 1 [12 1.000][575.415 -352.040 431.743 -3.4280 -7.0666 -36.9789][0.792789 -0.594568 0.134069 0.596952 0.801852 0.026102 -0.123023 0.059339 0.990628] 
3d 0 
fr 123026
ts 36629.461024
6d 1 [12 1.000][575.411 -352.056 431.727 -3.4337 -7.0591 -36.9816][0.792773 -0.594599 0.134024 0.596999 0.801822 0.025951 -0.122894 0.059439 0.990638] 
3d 0 
fr 123027
ts 36629.477686
6d 1 [12 1.000][575.448 -352.012 431.726 -3.4346 -7.0582 -36.9825][0.792766 -0.594609 0.134021 0.597012 0.801813 0.025930 -0.122878 0.059455 0.990639] 
3d 0 
fr 123028
ts 36629.494349
6d 1 [12 1.000][575.436 -352.039 431.721 -3.4408 -7.0542 -36.9864][0.792732 -0.594654 0.134027 0.597072 0.801772 0.025811 -0.122808 0.059563 0.990642] 
3d 0 
fr 123029
ts 36629.511003
6d 1 [12 1.000][575.469 -352.031 431.724 -3.4407 -7.0541 -36.9877][0.792719 -0.594672 0.134025 0.597089 0.801759 0.025814 -0.122807 0.059561 0.990642] 
3d 0 
fr 123030
ts 36629.527665
6d 1 [12 1.000][575.438 -352.046 431.717 -3.4425 -7.0545 -36.9910][0.792684 -0.594713 0.134047 0.597135 0.801726 0.025800 -0.122813 0.059593 0.990639] 
3d 0 
fr 123031
ts 36629.544313
6d 1 [12 1.000][575.438 -352.046 431.717 -3.4425 -7.0545 -36.9910][0.792684 -0.594713 0.134047 0.597135 0.801726 0.025800 -0.122813 0.059593 0.990639] 
3d 0 
fr 123032
ts 36629.560975
6d 1 [12 1.000][575.438 -352.046 431.717 -3.4425 -7.0545 -36.9910][0.792684 -0.594713 0.134047 0.597135 0.801726 0.025800 -0.122813 0.059593 0.990639] 
3d 0 
fr 123033
ts 36629.577616
6d 1 [12 1.000][575.450 -351.925 431.732 -3.4423 -7.0528 -36.9922][0.792673 -0.594733 0.134021 0.597154 0.801712 0.025789 -0.122784 0.059589 0.990643] 
3d 0 
fr 123034
ts 36629.594277
6d 1 [12 1.000][575.443 -352.015 431.723 -3.4391 -7.0471 -36.9980][0.792623 -0.594825 0.133908 0.597241 0.801647 0.025788 -0.122686 0.059535 0.990658] 
3d 0 
fr 123035
ts 36629.610961
6d 1 [12 1.000][575.452 -351.972 431.723 -3.4386 -7.0467 -36.9998][0.792605 -0.594853 0.133896 0.597267 0.801628 0.025795 -0.122679 0.059527 0.990660] 
3d 0 
fr 123036
ts 36629.627625
6d 1 [12 1.000][575.451 -351.991 431.723 -3.4376 -7.0426 -37.0070][0.792537 -0.594959 0.133824 0.597371 0.801550 0.025782 -0.122606 0.059509 0.990670] 
3d 0 
fr 123037
ts 36629.644306
6d 1 [12 1.000][575.451 -351.991 431.723 -3.4376 -7.0426 -37.0070][0.792537 -0.594959 0.133824 0.597371 0.801550 0.025782 -0.122606 0.059509 0.990670] 
3d 0 
fr 123038
ts 36629.660967
6d 1 [12 1.000][575.451 -351.991 431.723 -3.4376 -7.0426 -37.0070][0.792537 -0.594959 0.133824 0.597371 0.801550 0.025782 -0.122606 0.059509 0.990670] 
3d 0 
fr 123039
ts 36629.677639
6d 1 [12 1.000][575.451 -351.991 431.723 -3.4376 -7.0426 -37.0070][0.792537 -0.594959 0.133824 0.597371 0.801550 0.025782 -0.122606 0.059509 0.990670] 
3d 0 
fr 123040
ts 36629.694301
6d 1 [12 1.000][575.451 -351.991 431.723 -3.4376 -7.0426 -37.0070][0.792537 -0.594959 0.133824 0.597371 0.801550 0.025782 -0.122606 0.059509 0.990670] 
3d 0 
fr 123041
ts 36629.710964
6d 1 [12 1.000][575.451 -351.991 431.723 -3.4376 -7.0426 -37.0070][0.792537 -0.594959 0.133824 0.597371 0.801550 0.025782 -0.122606 0.059509 0.990670] 
3d 0 
fr 123042
ts 36629.727628
6d 1 [12 1.000][575.389 -352.119 431.704 -3.4387 -7.0433 -37.0051][0.792555 -0.594930 0.133847 0.597345 0.801571 0.025772 -0.122620 0.059527 0.990667] 
3d 0 
fr 123043
ts 36629.744288
6d 1 [12 1.000][575.435 -351.994 431.710 -3.4445 -7.0505 -36.9975][0.792622 -0.594804 0.134009 0.597230 0.801656 0.025747 -0.122744 0.059627 0.990646] 
3d 0 
fr 123044
ts 36629.760949
6d 1 [12 1.000][575.391 -352.007 431.652 -3.4450 -7.0512 -36.9966][0.792630 -0.594790 0.134024 0.597217 0.801666 0.025745 -0.122756 0.059635 0.990644] 
3d 0 
fr 123045
ts 36629.777600
6d 1 [12 1.000][575.413 -352.002 431.684 -3.4467 -7.0497 -36.9926][0.792675 -0.594730 0.134024 0.597163 0.801708 0.025697 -0.122731 0.059665 0.990645] 
3d 0 
fr 123046
ts 36629.794262
6d 1 [12 1.000][575.411 -352.009 431.660 -3.4463 -7.0505 -36.9921][0.792679 -0.594724 0.134030 0.597155 0.801714 0.025708 -0.122743 0.059659 0.990644] 
3d 0 
fr 123047
ts 36629.810903
6d 1 [12 1.000][575.401 -352.008 431.621 -3.4440 -7.0618 -36.9923][0.792657 -0.594723 0.134162 0.597144 0.801717 0.025859 -0.122939 0.059617 0.990622] 
3d 0 
fr 123048
ts 36629.827570
6d 1 [12 1.000][575.361 -352.242 431.564 -3.4301 -7.0680 -36.9867][0.792706 -0.594671 0.134107 0.597057 0.801774 0.026105 -0.123047 0.059376 0.990623] 
3d 0 
fr 123049
ts 36629.844255
6d 1 [12 1.000][575.375 -352.044 431.630 -3.4240 -7.0642 -36.9825][0.792755 -0.594631 0.133992 0.597005 0.801811 0.026141 -0.122981 0.059270 0.990637] 
3d 0 
fr 123050
ts 36629.860921
6d 1 [12 1.000][575.377 -352.050 431.693 -3.4170 -7.0749 -36.9771][0.792794 -0.594561 0.134071 0.596916 0.801872 0.026337 -0.123167 0.059149 0.990622] 
3d 0 
fr 123051
ts 36629.877602
6d 1 [12 1.000][575.370 -352.066 431.654 -3.4125 -7.0851 -36.9722][0.792826 -0.594496 0.134167 0.596835 0.801926 0.026496 -0.123343 0.059069 0.990605] 
3d 0 
fr 123052
ts 36629.894265
6d 1 [12 1.000][575.416 -352.105 431.759 -3.4101 -7.0681 -36.9843][0.792730 -0.594685 0.133901 0.597025 0.801789 0.026380 -0.123049 0.059030 0.990643] 
3d 0 
fr 123053
ts 36629.910941
6d 1 [12 1.000][575.453 -352.124 431.735 -3.4082 -7.0445 -36.9975][0.792633 -0.594893 0.133550 0.597238 0.801636 0.026191 -0.122639 0.059001 0.990696] 
3d 0 
fr 123054
ts 36629.927604
6d 1 [12 1.000][575.455 -352.169 431.751 -3.4016 -7.0310 -37.0131][0.792493 -0.595138 0.133289 0.597471 0.801463 0.026180 -0.122407 0.058889 0.990731] 
3d 0 
fr 123055
ts 36629.944273
6d 1 [12 1.000][575.526 -352.178 431.757 -3.3991 -6.9916 -37.0373][0.792308 -0.595514 0.132707 0.597856 0.801186 0.025861 -0.121724 0.058849 0.990818] 
3d 0 
fr 123056
ts 36629.960934
6d 1 [12 1.000][575.484 -352.198 431.769 -3.3913 -6.9788 -37.0442][0.792257 -0.595639 0.132447 0.597968 0.801103 0.025853 -0.121503 0.058716 0.990853] 
3d 0 
fr 123057
ts 36629.977596
6d 1 [12 1.000][575.517 -352.176 431.797 -3.3859 -6.9395 -37.0766][0.791986 -0.596136 0.131833 0.598465 0.800740 0.025593 -0.120821 0.058629 0.990941] 
3d 0 
fr 123058
ts 36629.994258
6d 1 [12 1.000][575.526 -352.187 431.818 -3.3787 -6.9137 -37.0923][0.791865 -0.596394 0.131396 0.598715 0.800557 0.025461 -0.120375 0.058507 0.991003] 
3d 0 
fr 123059
ts 36630.010913
6d 1 [12 1.000][575.547 -352.054 431.829 -3.3815 -6.8766 -37.1245][0.791590 -0.596868 0.130898 0.599208 0.800200 0.025108 -0.119731 0.058560 0.991078] 
3d 0 
fr 123060
ts 36630.027576
6d 1 [12 1.000][575.513 -352.138 431.834 -3.3773 -6.8560 -37.1309][0.791558 -0.596983 0.130567 0.599322 0.800119 0.024967 -0.119374 0.058489 0.991125] 
3d 0 
fr 123061
ts 36630.044221
6d 1 [12 1.000][575.523 -352.111 431.810 -3.3768 -6.8269 -37.1545][0.791359 -0.597337 0.130151 0.599684 0.799855 0.024723 -0.118869 0.058485 0.991186] 
3d 0 
fr 123062
ts 36630.060886
6d 1 [12 1.000][575.444 -352.241 431.722 -3.3820 -6.8601 -37.0860][0.792020 -0.596342 0.130692 0.598696 0.800591 0.024841 -0.119445 0.058570 0.991112] 
3d 0 
fr 123063
ts 36630.077527
6d 1 [12 1.000][575.492 -352.165 431.778 -3.4000 -6.8449 -37.1208][0.791682 -0.596799 0.130656 0.599196 0.800227 0.024510 -0.119182 0.058884 0.991125] 
3d 0 
fr 123064
ts 36630.094189
6d 1 [12 1.000][575.498 -352.191 431.800 -3.3846 -6.8398 -37.1079][0.791825 -0.596658 0.130431 0.599023 0.800352 0.024643 -0.119094 0.058618 0.991151] 
3d 0 
fr 123065
ts 36630.110876
6d 1 [12 1.000][575.498 -352.176 431.803 -3.3806 -6.8525 -37.1174][0.791705 -0.596789 0.130560 0.599139 0.800259 0.024853 -0.119313 0.058547 0.991129] 
3d 0 
fr 123066
ts 36630.127537
6d 1 [12 1.000][575.490 -352.160 431.830 -3.3815 -6.8449 -37.1179][0.791712 -0.596801 0.130463 0.599156 0.800250 0.024762 -0.119181 0.058563 0.991144] 
3d 0 
fr 123067
ts 36630.144214
6d 1 [12 1.000][575.517 -352.157 431.828 -3.3847 -6.8576 -37.1127][0.791745 -0.596711 0.130675 0.599068 0.800313 0.024838 -0.119402 0.058618 0.991114] 
3d 0 
fr 123068
ts 36630.160878
6d 1 [12 1.000][575.481 -352.171 431.784 -3.3906 -6.8590 -37.1095][0.791776 -0.596651 0.130757 0.599022 0.800349 0.024764 -0.119427 0.058719 0.991105] 
3d 0 
fr 123069
ts 36630.177552
6d 1 [12 1.000][575.509 -352.153 431.779 -3.3927 -6.8673 -37.1091][0.791767 -0.596634 0.130893 0.599007 0.800359 0.024819 -0.119569 0.058755 0.991086] 
3d 0 
fr 123070
ts 36630.194213
6d 1 [12 1.000][575.504 -352.155 431.776 -3.3992 -6.8650 -37.1066][0.791797 -0.596586 0.130930 0.598974 0.800387 0.024699 -0.119530 0.058867 0.991084] 
3d 0 
fr 123071
ts 36630.210879
6d 1 [12 1.000][575.515 -352.054 431.795 -3.3950 -6.8692 -37.1315][0.791529 -0.596940 0.130934 0.599313 0.800128 0.024858 -0.119603 0.058795 0.991079] 
3d 0 
fr 123072
ts 36630.227541
6d 1 [12 1.000][575.520 -352.077 431.793 -3.3996 -6.8617 -37.1331][0.791525 -0.596958 0.130878 0.599344 0.800109 0.024720 -0.119474 0.058874 0.991090] 
3d 0 
fr 123073
ts 36630.244201
6d 1 [12 1.000][575.517 -352.081 431.797 -3.4021 -6.8638 -37.1344][0.791508 -0.596969 0.130932 0.599360 0.800098 0.024711 -0.119510 0.058917 0.991083] 
3d 0 
fr 123074
ts 36630.260859
6d 1 [12 1.000][575.510 -352.146 431.790 -3.3935 -6.8519 -37.1313][0.791560 -0.596956 0.130680 0.599333 0.800119 0.024700 -0.119304 0.058770 0.991117] 
3d 0 
fr 123075
ts 36630.277514
6d 1 [12 1.000][575.514 -352.150 431.790 -3.3958 -6.8489 -37.1332][0.791546 -0.596978 0.130662 0.599362 0.800099 0.024639 -0.119251 0.058811 0.991121] 
3d 0 
fr 123076
ts 36630.294175
6d 1 [12 1.000][575.514 -352.150 431.790 -3.3958 -6.8489 -37.1332][0.791546 -0.596978 0.130662 0.599362 0.800099 0.024639 -0.119251 0.058811 0.991121] 
3d 0 
fr 123077
ts 36630.310821
6d 1 [12 1.000][575.506 -352.185 431.770 -3.3945 -6.8519 -37.1328][0.791544 -0.596974 0.130690 0.599353 0.800104 0.024688 -0.119304 0.058788 0.991116] 
3d 0 
